calib_50j_2f_5o_5s_4m_idx18
50
2
5
5
4
45	34	17	84	25	96	83	76	50	30	40	55	32	4	17	22	40	96	22	75	59	38	38	23	20	32	3	13	97	50	83	52	33	58	67	78	77	91	66	16	93	15	13	91	84	59	10	41	92	23
18	89	76	69	26	61	25	17	39	4	25	87	61	22	85	28	88	75	56	87	91	5	12	27	47	77	61	10	8	20	69	49	73	29	89	98	65	61	45	18	76	77	45	92	47	31	52	46	37	67
98	95	99	23	26	32	7	82	19	44	8	60	21	63	77	79	32	89	12	41	21	34	75	90	54	87	80	72	43	15	88	18	30	4	71	3	85	3	50	53	57	50	25	22	4	38	74	8	4	47
30	99	96	39	70	96	54	7	48	85	3	80	78	99	16	10	76	60	54	46	37	34	3	89	34	28	68	29	48	81	44	14	34	89	34	17	81	1	53	69	78	44	42	85	51	39	65	34	1	87
73	40	35	28	93	99	80	33	17	60	2	64	29	33	61	10	76	41	26	41	24	20	54	79	55	21	32	7	53	34	38	78	36	94	12	27	43	70	10	44	60	36	7	10	49	15	15	88	18	1

17	76	2	29	7	13	79	70	67	44	79	92	51	3	20	87	69	49	20	14	8	17	46	26	8	93	57	7	77	34	50	33	60	31	64	40	20	14	95	87	84	79	68	44	65	34	23	23	66	83
29	71	61	61	85	84	80	45	17	45	33	62	42	12	43	87	98	50	31	51	38	65	5	30	66	79	51	8	9	21	30	81	6	16	85	62	60	92	8	70	68	44	56	63	75	72	83	17	19	20
61	81	38	8	80	99	3	77	87	81	61	85	39	33	34	95	2	64	80	6	89	99	68	75	89	44	5	7	23	42	55	42	83	6	31	81	48	23	62	15	15	41	39	90	82	58	55	8	83	72
27	47	53	42	74	74	54	78	72	46	97	7	67	54	15	23	9	4	73	60	20	67	94	54	65	17	29	97	92	43	76	26	93	82	18	53	62	33	66	60	74	57	53	53	22	2	93	26	55	56
36	60	33	40	74	75	55	35	60	55	30	26	67	28	16	73	9	27	7	48	60	88	32	15	90	36	82	79	19	80	10	43	49	50	21	23	97	90	6	91	69	81	8	43	57	1	6	60	63	13

16	16	6	20
14	20	20	16

J1	0
J2	199
J3	164
J4	0
J5	0
J6	0
J7	36
J8	183
J9	166
J10	217
J11	0
J12	216
J13	131
J14	72
J15	225
J16	0
J17	0
J18	0
J19	0
J20	0
J21	151
J22	0
J23	0
J24	205
J25	0
J26	77
J27	0
J28	144
J29	0
J30	128
J31	60
J32	0
J33	164
J34	0
J35	184
J36	167
J37	170
J38	0
J39	0
J40	111
J41	0
J42	231
J43	93
J44	116
J45	176
J46	0
J47	0
J48	0
J49	0
J50	85

J1	1303
J2	577
J3	525
J4	1884
J5	646
J6	340
J7	614
J8	451
J9	1295
J10	794
J11	1617
J12	681
J13	1319
J14	1824
J15	1858
J16	280
J17	687
J18	269
J19	1664
J20	776
J21	1650
J22	1643
J23	1641
J24	826
J25	397
J26	487
J27	593
J28	1745
J29	559
J30	1975
J31	567
J32	1686
J33	593
J34	1580
J35	968
J36	883
J37	720
J38	437
J39	1550
J40	521
J41	400
J42	470
J43	1429
J44	356
J45	500
J46	1053
J47	710
J48	1849
J49	1734
J50	1539
