calib_200j_2f_5o_5s_3m_idx3
200
2
5
5
3
27	23	36	58	9	60	89	68	85	9	77	39	79	93	81	62	85	28	57	14	47	60	83	90	80	76	39	99	70	70	15	62	65	43	15	7	32	95	45	6	40	77	66	78	73	66	26	46	71	61	56	75	14	55	39	87	84	35	90	14	17	9	31	39	74	88	44	22	53	57	70	92	90	35	75	69	14	44	58	43	15	56	14	27	86	10	83	19	34	76	31	73	90	81	59	34	22	99	94	87	38	29	20	45	73	92	92	25	80	36	26	96	45	28	8	29	18	28	1	6	75	77	77	28	13	9	97	95	4	26	24	72	90	52	53	51	31	90	9	91	12	37	81	40	65	41	38	43	22	71	70	65	59	1	75	6	72	95	41	15	65	61	21	33	14	55	40	31	40	72	59	21	86	23	45	5	24	66	80	4	68	60	8	69	41	75	17	86	2	34	54	24	57	86	27	52	66	41	49	16
78	76	90	95	11	91	98	47	80	9	94	80	74	71	76	12	95	66	71	98	7	80	37	2	83	62	73	9	60	38	89	46	84	39	18	57	40	35	10	82	63	78	61	68	73	81	37	43	2	31	9	82	92	95	43	69	52	90	39	45	82	21	22	18	11	15	25	55	44	74	28	85	6	38	70	12	81	96	11	18	54	7	96	95	8	34	92	99	53	50	79	60	36	32	84	62	99	19	19	48	15	99	41	86	86	9	78	84	44	69	9	8	67	29	14	73	75	83	59	2	10	75	72	23	85	57	67	80	4	92	60	21	45	46	57	65	87	26	26	81	43	93	82	83	48	12	19	6	62	94	82	46	89	59	15	58	73	97	66	54	15	36	82	69	56	21	62	18	77	91	65	49	14	95	10	79	52	56	4	59	65	30	82	20	38	83	68	47	83	9	96	19	79	36	30	80	38	9	44	13
94	74	71	9	66	5	95	56	86	93	63	42	48	3	83	49	39	27	91	64	44	71	19	49	47	92	96	73	73	4	52	33	46	79	89	96	9	37	23	72	3	36	51	7	2	78	79	10	60	9	4	98	6	88	36	5	44	24	69	47	76	23	62	13	92	73	12	50	2	63	68	72	83	73	86	54	21	2	37	44	24	80	98	4	93	94	27	98	41	72	42	58	95	33	40	6	32	23	40	71	79	85	52	99	9	9	20	41	2	84	56	41	97	41	75	74	17	40	17	24	38	38	65	39	64	27	37	34	87	37	89	62	8	6	77	35	76	21	99	46	2	49	27	19	28	84	44	12	6	88	71	95	73	45	96	73	50	71	74	90	39	36	82	24	62	54	82	45	84	69	31	79	61	32	92	29	73	7	23	18	60	59	28	75	38	2	1	8	81	28	3	24	74	95	69	92	15	92	10	77
90	53	53	25	59	39	37	69	8	69	77	21	39	96	63	46	91	48	17	78	83	74	64	14	89	62	13	97	91	12	1	77	82	67	26	32	88	1	19	35	85	16	69	8	22	16	38	93	84	91	45	57	72	89	39	67	95	70	5	25	54	31	36	46	37	66	88	8	90	39	14	61	50	95	32	66	29	63	22	51	38	49	62	89	66	88	88	19	47	40	10	82	42	19	46	3	67	20	78	39	22	77	40	37	12	67	96	12	78	28	81	18	70	11	40	35	31	38	70	88	85	9	25	20	67	89	56	23	81	15	6	58	70	72	61	20	67	62	55	67	38	49	85	81	76	82	1	46	90	79	27	49	64	38	95	16	60	51	42	12	10	35	99	57	40	25	85	3	12	87	32	74	45	35	65	20	67	22	65	98	49	33	22	53	30	27	19	91	46	14	32	52	84	99	13	7	95	25	28	16
15	79	94	39	14	33	60	94	19	54	37	27	86	28	11	90	37	4	39	53	32	46	86	56	8	5	28	67	92	98	68	75	45	25	44	33	65	37	88	81	94	42	94	2	50	74	39	10	33	19	73	33	53	64	31	20	1	97	52	6	60	57	58	81	38	7	52	67	9	85	8	58	43	25	22	9	77	76	83	99	1	46	85	73	13	16	66	43	37	66	88	30	29	24	9	69	83	92	65	3	24	62	25	4	6	89	65	47	79	27	88	81	76	16	69	35	49	35	55	71	85	91	71	25	73	39	96	76	51	90	50	94	1	58	91	43	27	28	18	98	61	10	83	51	62	7	69	99	39	89	98	38	37	75	27	84	36	27	4	26	3	64	58	18	49	58	63	89	46	2	30	82	82	41	27	20	51	26	16	68	73	46	24	92	29	55	72	95	55	61	54	79	84	46	42	13	2	29	9	69

40	28	32	86	4	52	62	36	17	60	81	8	40	58	1	1	69	47	11	77	63	51	99	2	65	39	5	34	65	61	15	32	64	99	48	9	93	7	45	20	92	28	94	65	37	79	58	82	63	14	66	96	21	17	26	27	73	21	13	35	79	62	12	64	48	8	80	47	88	66	13	95	35	14	23	82	42	62	91	25	54	71	7	74	78	90	7	60	74	33	65	91	62	54	49	92	60	83	21	37	72	49	3	87	68	2	81	64	50	88	42	48	56	94	64	92	62	54	21	22	79	45	76	91	94	76	91	70	90	39	23	10	65	13	68	51	64	80	70	3	55	21	94	68	91	29	21	78	71	10	87	28	43	49	49	8	77	63	63	65	9	99	37	44	43	5	83	55	56	75	96	37	72	40	88	3	80	12	32	17	45	94	17	29	60	12	62	24	32	61	72	12	41	97	56	35	34	87	36	79
57	73	25	44	23	97	96	65	43	65	42	31	69	95	61	4	69	71	15	97	66	66	42	22	14	65	37	83	7	97	44	38	51	30	91	33	23	61	59	9	92	7	81	97	36	63	54	22	97	36	74	31	54	35	79	71	56	49	18	79	22	19	76	26	45	20	95	67	91	78	23	67	87	26	18	80	16	15	55	98	97	38	30	18	85	59	56	3	12	22	50	16	99	46	91	80	7	96	53	66	16	47	13	4	39	60	14	88	18	64	15	86	30	50	91	60	84	37	59	65	22	20	14	23	24	18	41	12	48	30	9	87	98	85	53	19	39	3	7	98	39	62	23	48	19	10	22	65	21	37	72	21	90	69	9	94	83	89	7	60	65	88	93	54	42	33	68	62	97	1	14	38	96	88	37	35	86	45	34	9	41	79	50	88	99	60	2	16	65	45	61	29	35	17	9	72	75	41	5	10
54	93	62	16	10	9	31	13	88	32	17	39	43	85	22	65	24	29	37	59	40	50	9	36	84	71	7	37	61	92	40	12	42	19	91	24	3	30	36	32	97	62	44	85	94	40	19	99	21	5	5	35	82	99	35	50	86	54	64	2	14	51	96	34	9	40	48	38	59	73	87	63	43	6	44	35	23	73	34	8	62	97	96	45	3	20	94	71	49	91	38	51	83	94	92	38	36	87	1	29	69	73	32	20	58	21	40	87	17	94	66	23	32	80	57	35	64	75	82	84	58	97	11	55	64	51	99	24	61	61	20	71	38	27	61	29	50	19	64	8	74	18	39	12	67	11	88	90	99	54	61	90	39	64	24	74	81	19	95	40	32	60	86	98	59	79	71	22	40	79	36	95	23	73	68	48	11	97	65	65	4	51	4	56	73	61	33	41	35	74	96	21	63	95	84	23	70	20	14	30
85	44	82	72	3	40	27	36	89	80	94	87	60	5	25	37	2	91	44	6	24	26	18	29	12	88	70	63	16	11	70	95	42	86	13	89	34	62	24	89	61	71	34	49	40	57	68	14	78	61	34	11	72	51	97	51	70	86	71	89	11	48	24	33	24	28	71	60	75	45	23	50	20	20	34	67	91	3	53	78	69	51	38	4	97	62	38	71	27	90	18	60	79	29	56	63	55	32	42	87	16	28	88	73	58	30	71	17	65	35	47	78	97	95	40	80	12	54	4	67	43	17	13	73	76	30	11	47	28	53	74	26	45	7	90	66	46	60	33	15	38	78	4	16	7	2	26	75	96	65	58	59	20	4	82	25	32	32	73	21	62	53	47	40	10	75	38	24	19	38	66	64	36	18	77	57	73	31	47	89	43	1	37	74	18	97	60	2	88	50	30	82	52	74	53	30	78	88	1	80
15	51	67	44	96	19	78	56	54	46	35	25	17	53	29	68	64	79	86	90	46	37	55	16	95	15	76	41	10	26	83	49	85	90	58	51	66	33	70	44	90	99	17	62	65	93	62	98	77	33	5	26	58	4	3	11	66	96	35	93	81	22	12	82	45	44	75	68	80	63	21	68	59	84	83	55	31	13	25	42	97	48	96	33	44	59	4	30	43	83	93	7	1	54	36	49	54	94	98	58	84	32	50	22	13	16	98	94	70	4	43	70	60	64	36	2	60	47	54	60	25	57	77	45	75	3	41	70	10	57	54	16	55	12	3	73	28	90	77	95	68	92	41	85	39	9	17	55	26	35	5	95	13	48	90	4	95	90	75	11	19	4	2	42	52	55	66	63	86	4	25	38	62	36	90	73	89	87	17	86	59	30	78	83	81	24	91	38	42	32	47	31	33	88	30	69	1	68	32	56

16	8	18
15	17	6

J1	73
J2	117
J3	0
J4	0
J5	0
J6	66
J7	0
J8	0
J9	0
J10	0
J11	12
J12	0
J13	0
J14	117
J15	184
J16	0
J17	50
J18	0
J19	0
J20	9
J21	105
J22	0
J23	154
J24	0
J25	0
J26	218
J27	0
J28	15
J29	0
J30	0
J31	77
J32	0
J33	0
J34	74
J35	212
J36	0
J37	0
J38	0
J39	0
J40	105
J41	0
J42	0
J43	120
J44	0
J45	0
J46	104
J47	0
J48	0
J49	0
J50	41
J51	0
J52	0
J53	0
J54	62
J55	0
J56	59
J57	0
J58	43
J59	0
J60	0
J61	0
J62	88
J63	0
J64	0
J65	0
J66	0
J67	0
J68	176
J69	0
J70	0
J71	0
J72	191
J73	0
J74	200
J75	27
J76	0
J77	0
J78	191
J79	0
J80	0
J81	233
J82	208
J83	100
J84	25
J85	0
J86	43
J87	215
J88	0
J89	0
J90	0
J91	196
J92	243
J93	0
J94	0
J95	226
J96	94
J97	219
J98	146
J99	0
J100	251
J101	14
J102	0
J103	201
J104	0
J105	0
J106	229
J107	184
J108	0
J109	141
J110	0
J111	0
J112	0
J113	0
J114	0
J115	34
J116	0
J117	192
J118	126
J119	0
J120	0
J121	0
J122	208
J123	148
J124	0
J125	0
J126	24
J127	26
J128	0
J129	0
J130	0
J131	124
J132	79
J133	173
J134	85
J135	74
J136	0
J137	0
J138	0
J139	99
J140	147
J141	71
J142	89
J143	0
J144	0
J145	33
J146	0
J147	0
J148	0
J149	197
J150	232
J151	0
J152	0
J153	208
J154	209
J155	209
J156	89
J157	0
J158	248
J159	0
J160	12
J161	187
J162	0
J163	0
J164	0
J165	130
J166	161
J167	0
J168	117
J169	129
J170	0
J171	0
J172	0
J173	52
J174	10
J175	66
J176	0
J177	87
J178	0
J179	165
J180	0
J181	0
J182	0
J183	0
J184	0
J185	0
J186	0
J187	160
J188	211
J189	170
J190	0
J191	0
J192	0
J193	0
J194	162
J195	157
J196	0
J197	0
J198	96
J199	0
J200	0

J1	447
J2	370
J3	329
J4	805
J5	1522
J6	1093
J7	456
J8	349
J9	412
J10	664
J11	453
J12	1633
J13	552
J14	675
J15	2121
J16	1885
J17	285
J18	566
J19	1454
J20	294
J21	1737
J22	269
J23	991
J24	1758
J25	394
J26	585
J27	1954
J28	490
J29	306
J30	834
J31	587
J32	710
J33	310
J34	428
J35	971
J36	1553
J37	1022
J38	1316
J39	1751
J40	2099
J41	685
J42	716
J43	504
J44	627
J45	859
J46	848
J47	615
J48	1341
J49	450
J50	1288
J51	1975
J52	474
J53	590
J54	467
J55	1797
J56	1428
J57	277
J58	497
J59	1960
J60	1122
J61	576
J62	1770
J63	1604
J64	1740
J65	1783
J66	1834
J67	367
J68	844
J69	268
J70	353
J71	1368
J72	482
J73	830
J74	1857
J75	696
J76	840
J77	1879
J78	2104
J79	2011
J80	535
J81	1107
J82	439
J83	753
J84	1761
J85	347
J86	448
J87	441
J88	542
J89	1752
J90	367
J91	792
J92	1332
J93	699
J94	1579
J95	675
J96	647
J97	766
J98	488
J99	864
J100	839
J101	1538
J102	281
J103	1989
J104	738
J105	1856
J106	2076
J107	629
J108	384
J109	886
J110	543
J111	1114
J112	429
J113	501
J114	495
J115	692
J116	485
J117	1315
J118	935
J119	1130
J120	391
J121	773
J122	1629
J123	668
J124	1698
J125	339
J126	1985
J127	498
J128	687
J129	1671
J130	501
J131	1970
J132	518
J133	911
J134	1969
J135	474
J136	1088
J137	418
J138	519
J139	2047
J140	434
J141	1398
J142	691
J143	647
J144	814
J145	539
J146	1076
J147	1622
J148	435
J149	791
J150	518
J151	321
J152	306
J153	759
J154	2095
J155	441
J156	1898
J157	470
J158	672
J159	336
J160	1572
J161	2048
J162	484
J163	514
J164	473
J165	1668
J166	2064
J167	366
J168	2082
J169	424
J170	522
J171	1619
J172	237
J173	312
J174	892
J175	530
J176	1755
J177	731
J178	1213
J179	1990
J180	527
J181	604
J182	532
J183	1707
J184	339
J185	632
J186	894
J187	1390
J188	2199
J189	1027
J190	1814
J191	376
J192	1258
J193	268
J194	678
J195	1636
J196	1568
J197	384
J198	1339
J199	1055
J200	1714
