calib_20j_4f_5o_5s_4m_idx21
20
4
5
5
4
5	17	60	44	54	93	90	16	14	55	3	23	21	49	13	63	78	70	81	49
11	10	1	63	98	11	17	52	82	28	9	5	54	98	60	94	19	95	47	23
12	71	2	38	90	85	74	53	80	54	20	45	55	81	47	99	45	63	73	4
75	8	95	89	26	81	92	50	68	40	87	91	54	71	13	52	64	53	47	58
62	39	59	36	48	77	52	43	3	44	7	63	90	39	28	39	82	71	42	51

15	99	76	97	62	20	68	45	34	98	43	76	6	57	20	55	55	79	47	70
88	68	33	81	2	62	24	86	76	74	3	54	18	80	44	49	11	99	9	4
79	60	12	96	38	13	15	65	85	49	96	46	82	92	85	80	67	44	47	80
37	99	27	5	15	70	78	1	31	56	28	98	67	17	4	9	24	52	87	26
10	39	85	65	13	36	20	43	73	11	41	80	97	88	17	20	22	59	46	26

18	6	15	17
11	8	18	20
19	7	18	20
17	8	6	15

J1	120
J2	0
J3	0
J4	0
J5	0
J6	0
J7	96
J8	0
J9	0
J10	0
J11	0
J12	0
J13	232
J14	0
J15	61
J16	189
J17	0
J18	185
J19	149
J20	0

J1	1258
J2	794
J3	1572
J4	454
J5	1434
J6	289
J7	957
J8	1413
J9	218
J10	707
J11	1749
J12	294
J13	1390
J14	375
J15	1130
J16	839
J17	1214
J18	531
J19	1035
J20	1889
