calib_50j_3f_5o_5s_3m_idx24
50
3
5
5
3
19	42	4	54	87	26	63	56	28	16	60	75	76	83	69	82	29	64	29	13	84	9	43	76	47	14	30	90	37	16	72	75	40	35	96	47	45	62	35	99	35	25	47	56	51	35	76	36	73	48
44	17	75	53	89	13	47	38	6	92	13	67	60	77	67	49	46	86	45	3	57	40	90	16	15	88	33	96	80	76	85	51	58	77	43	51	17	60	85	64	77	31	8	17	44	39	12	1	20	16
95	21	82	17	43	8	49	12	58	57	19	89	34	48	85	72	39	33	71	38	87	11	40	87	96	92	69	5	86	26	76	39	28	64	81	88	47	76	95	34	65	37	59	91	73	3	23	55	26	77
73	98	57	38	81	28	63	6	88	93	32	76	35	30	90	72	85	68	56	16	55	29	35	76	24	70	19	6	18	42	4	74	16	32	55	73	54	66	55	36	74	44	39	38	84	35	10	13	36	39
61	82	68	93	72	7	26	85	64	81	23	86	56	56	58	29	80	96	30	86	70	80	70	67	38	46	4	60	64	50	46	78	23	57	74	58	23	25	79	19	6	52	16	70	37	72	36	71	52	38

8	55	74	78	87	26	95	99	38	60	34	72	19	65	46	53	52	47	2	34	71	19	76	82	85	81	9	83	6	68	28	60	68	29	27	94	78	26	32	9	6	24	59	76	8	42	25	45	27	70
85	38	40	47	66	13	98	84	48	93	27	73	92	86	16	25	85	16	87	47	40	20	98	13	23	51	32	90	25	84	92	48	15	10	32	31	32	81	20	96	29	56	77	36	30	35	7	54	92	31
7	90	48	31	14	10	39	74	24	14	22	41	50	56	71	80	12	58	29	3	16	88	8	93	74	83	10	62	52	46	32	45	84	10	87	51	77	42	95	14	1	52	5	93	19	27	95	89	27	60
8	85	4	50	9	92	43	13	40	6	28	64	33	35	16	88	4	88	41	87	30	54	14	54	78	28	34	57	31	98	41	46	92	90	84	48	36	27	93	78	12	27	70	67	55	88	27	46	92	6
76	43	66	81	72	1	42	77	56	97	33	2	71	23	74	38	7	44	40	11	59	68	31	5	60	15	86	67	74	94	33	7	82	15	92	12	77	80	62	42	14	61	64	44	98	36	54	7	31	73

18	17	11
15	5	17
10	17	16

J1	0
J2	0
J3	0
J4	0
J5	0
J6	75
J7	0
J8	0
J9	0
J10	228
J11	0
J12	114
J13	0
J14	52
J15	0
J16	0
J17	237
J18	0
J19	0
J20	0
J21	0
J22	0
J23	0
J24	0
J25	108
J26	199
J27	0
J28	0
J29	68
J30	0
J31	0
J32	0
J33	193
J34	32
J35	236
J36	0
J37	0
J38	212
J39	44
J40	0
J41	86
J42	0
J43	0
J44	19
J45	80
J46	218
J47	115
J48	146
J49	0
J50	201

J1	513
J2	356
J3	1249
J4	518
J5	391
J6	2019
J7	373
J8	566
J9	1446
J10	605
J11	1969
J12	501
J13	510
J14	403
J15	390
J16	473
J17	2128
J18	396
J19	1692
J20	1801
J21	633
J22	1861
J23	544
J24	306
J25	739
J26	579
J27	1041
J28	274
J29	1568
J30	278
J31	1273
J32	581
J33	950
J34	1813
J35	587
J36	303
J37	679
J38	1447
J39	774
J40	1026
J41	1091
J42	1995
J43	1103
J44	283
J45	808
J46	1404
J47	1859
J48	1547
J49	1784
J50	1743
