calib_100j_2f_10o_5s_4m_idx36
100
2
10
5
4
34	58	22	42	34	39	38	93	11	1	40	2	30	94	76	99	25	40	33	80	49	77	56	88	89	7	59	25	95	86	66	38	69	45	42	75	25	2	93	64	84	95	39	94	38	78	44	91	91	26	80	9	52	11	60	10	58	28	73	14	20	76	21	49	15	55	40	35	47	71	62	28	96	32	12	30	62	15	69	9	36	7	68	5	4	80	48	7	25	37	14	28	50	90	91	44	94	74	54	77
36	9	9	94	83	25	11	94	90	11	56	10	4	73	67	92	37	18	1	65	52	14	80	48	28	80	73	27	75	94	17	89	89	69	21	16	38	26	14	42	33	54	78	50	94	62	88	24	39	77	80	47	93	46	56	41	72	89	97	46	14	42	50	51	35	67	42	67	88	21	38	64	91	42	28	64	96	58	48	60	55	19	73	99	19	72	49	31	88	62	31	29	7	2	66	34	3	4	93	48
58	40	11	49	99	36	25	19	93	96	74	89	36	78	68	54	66	42	51	35	68	89	47	57	15	35	46	80	28	40	91	85	99	16	45	62	78	45	47	83	85	51	17	4	99	48	2	75	71	17	46	87	30	47	73	90	95	40	15	95	8	94	37	48	84	55	40	2	90	89	37	60	72	70	54	53	93	26	23	42	37	81	96	48	67	74	44	41	15	98	64	55	11	29	59	97	70	24	65	42
59	49	43	91	24	42	39	13	19	30	30	72	56	19	61	70	37	92	34	34	67	94	82	47	19	30	27	5	52	64	7	53	76	7	61	76	46	71	95	30	41	23	30	17	34	37	57	75	61	51	27	52	12	33	14	50	63	94	3	23	54	70	91	89	23	88	98	27	38	93	87	31	73	78	80	87	18	67	1	61	93	81	85	9	85	68	55	79	65	95	95	40	28	81	75	43	99	9	49	27
48	3	98	91	93	7	63	16	55	14	87	63	19	17	82	12	41	8	15	6	94	51	32	89	80	59	58	29	96	31	66	88	46	2	80	70	73	8	10	48	70	30	43	37	27	40	44	93	62	15	47	19	66	38	76	30	98	26	77	8	21	89	82	10	88	3	93	23	11	46	66	64	32	45	25	82	15	70	15	66	8	26	55	84	66	3	43	74	53	36	14	92	48	46	73	53	60	6	40	57
53	14	27	24	39	6	3	83	89	1	59	68	47	68	43	67	34	30	80	45	42	51	9	70	50	63	26	24	86	6	24	72	35	9	75	76	96	51	66	1	46	26	54	11	64	52	71	93	43	19	65	19	19	24	15	12	67	70	94	92	49	39	96	88	64	58	54	5	63	84	87	85	7	21	22	89	70	69	79	22	36	31	26	60	2	62	14	63	59	96	3	78	64	51	70	59	27	5	22	76
58	35	61	52	56	22	31	76	73	7	19	97	8	33	83	34	80	44	76	44	17	70	12	64	58	82	67	5	69	5	18	83	65	56	2	29	44	88	20	6	8	19	58	61	99	58	52	44	91	80	38	94	91	21	41	72	6	68	78	52	5	21	51	90	16	26	33	37	33	49	30	24	54	21	4	86	9	65	21	7	44	52	65	56	83	28	87	63	59	64	76	33	18	18	38	32	89	94	93	10
18	80	8	70	34	11	69	37	80	68	52	20	90	91	51	11	89	20	84	99	25	72	83	19	68	96	66	55	5	79	82	78	94	78	96	1	39	37	58	90	51	24	72	49	28	78	4	66	49	64	43	63	17	52	97	18	44	72	12	92	63	12	96	39	40	97	30	41	3	28	8	54	59	82	77	77	56	97	66	16	88	40	27	15	46	53	44	15	38	83	8	69	4	8	79	92	94	46	3	7
91	94	53	56	3	68	56	24	52	2	51	43	10	94	61	8	96	77	41	56	50	44	54	54	70	70	28	49	20	41	2	41	20	8	76	32	64	76	34	75	20	99	79	85	44	22	10	63	24	6	63	30	80	68	97	25	85	93	84	42	69	17	27	19	47	8	82	69	79	90	33	38	47	64	39	58	51	41	70	99	38	59	48	48	55	70	18	82	40	99	82	11	93	85	91	98	62	87	83	92
28	86	35	36	86	17	70	51	20	85	19	37	13	21	79	87	56	79	53	97	90	35	86	13	63	52	24	90	11	40	97	17	39	8	23	10	42	77	82	59	83	75	3	71	35	99	80	97	1	78	68	7	36	32	75	90	39	2	51	79	51	78	64	92	62	93	94	70	11	75	80	37	30	55	85	39	46	40	73	41	93	41	56	64	61	97	66	91	38	47	6	83	74	21	27	27	47	99	64	19

59	17	83	8	19	56	10	92	51	12	87	94	16	82	77	8	87	52	22	19	97	56	17	97	1	1	11	60	5	58	94	17	48	69	77	20	56	83	1	68	48	98	49	26	50	10	18	43	15	4	63	13	4	37	51	74	84	17	44	44	40	20	85	46	58	80	23	23	88	36	61	2	38	30	13	83	55	11	91	22	75	24	85	83	61	96	7	88	51	99	91	67	72	68	91	62	76	7	11	32
32	63	83	13	76	72	96	60	36	26	95	33	21	4	19	24	21	68	34	60	10	46	46	23	35	31	64	65	24	87	50	6	45	42	34	67	43	54	56	3	71	71	46	66	83	27	82	88	18	21	37	4	61	65	62	93	44	19	18	11	93	16	65	71	75	34	4	66	8	27	88	93	34	37	37	94	2	86	12	25	15	83	32	75	82	61	14	37	20	91	99	63	23	84	33	11	69	29	7	68
15	89	28	44	78	83	25	44	71	8	47	51	71	27	28	89	75	80	16	74	92	99	42	35	93	4	69	47	22	65	21	33	16	65	42	33	92	68	28	31	2	33	64	67	76	7	31	84	45	28	58	73	20	80	93	92	69	36	39	34	60	9	50	90	90	91	25	89	46	97	74	31	24	97	56	55	45	68	6	26	66	52	35	4	9	2	94	84	33	55	13	55	23	89	2	1	65	37	50	83
83	51	65	50	86	97	30	85	72	88	16	33	12	69	22	78	51	72	25	22	44	55	14	76	88	1	70	99	83	72	40	13	78	12	18	78	71	86	78	48	44	71	5	49	96	75	41	99	39	70	82	27	67	86	64	55	16	53	83	45	80	73	58	57	55	20	54	7	10	85	57	58	25	32	3	6	14	91	34	31	60	36	48	82	27	65	44	18	51	36	17	3	93	8	75	7	48	51	95	77
43	77	61	81	23	29	11	55	15	49	62	21	87	51	12	83	70	16	75	65	68	58	92	77	21	17	29	44	25	89	38	12	62	95	35	73	58	26	96	89	49	81	78	98	25	48	58	13	21	95	97	88	50	8	14	69	27	75	69	40	69	79	77	95	54	68	96	66	31	9	68	90	15	16	98	26	85	32	12	47	38	49	20	76	85	92	88	92	85	48	7	25	5	92	33	56	79	68	27	37

9	19	9	11
11	20	8	9

J1	162
J2	0
J3	0
J4	0
J5	169
J6	9
J7	54
J8	0
J9	72
J10	0
J11	221
J12	0
J13	0
J14	0
J15	127
J16	295
J17	348
J18	375
J19	0
J20	0
J21	235
J22	0
J23	151
J24	0
J25	280
J26	0
J27	159
J28	12
J29	0
J30	100
J31	0
J32	264
J33	29
J34	302
J35	0
J36	246
J37	346
J38	0
J39	183
J40	4
J41	362
J42	296
J43	0
J44	0
J45	0
J46	250
J47	0
J48	0
J49	133
J50	94
J51	0
J52	0
J53	0
J54	0
J55	310
J56	0
J57	254
J58	0
J59	2
J60	0
J61	0
J62	0
J63	0
J64	0
J65	0
J66	199
J67	260
J68	0
J69	21
J70	210
J71	278
J72	3
J73	0
J74	0
J75	0
J76	0
J77	304
J78	0
J79	312
J80	123
J81	0
J82	328
J83	211
J84	380
J85	0
J86	124
J87	0
J88	223
J89	0
J90	199
J91	375
J92	82
J93	370
J94	0
J95	51
J96	210
J97	0
J98	118
J99	0
J100	0

J1	3183
J2	1184
J3	2863
J4	724
J5	725
J6	2460
J7	2422
J8	499
J9	653
J10	2082
J11	1481
J12	1184
J13	2204
J14	563
J15	588
J16	871
J17	1144
J18	1548
J19	2755
J20	882
J21	1211
J22	418
J23	1207
J24	576
J25	2341
J26	1897
J27	2753
J28	2206
J29	1730
J30	943
J31	2065
J32	1049
J33	659
J34	2915
J35	588
J36	1576
J37	745
J38	858
J39	1001
J40	1256
J41	1382
J42	666
J43	2998
J44	830
J45	522
J46	1904
J47	2451
J48	530
J49	3008
J50	2684
J51	538
J52	2025
J53	2507
J54	2941
J55	738
J56	615
J57	614
J58	776
J59	555
J60	3016
J61	2781
J62	591
J63	723
J64	534
J65	827
J66	1095
J67	934
J68	1744
J69	2535
J70	1021
J71	1013
J72	1301
J73	2096
J74	1314
J75	1679
J76	374
J77	2131
J78	851
J79	2443
J80	3168
J81	2033
J82	3100
J83	686
J84	1287
J85	744
J86	1043
J87	2521
J88	581
J89	1247
J90	977
J91	3171
J92	2336
J93	2852
J94	936
J95	793
J96	3209
J97	1162
J98	1748
J99	1588
J100	1985
