calib_20j_4f_10o_8s_3m_idx26
20
4
10
8
3
4	36	2	50	84	93	95	5	45	76	66	55	82	76	17	48	76	64	44	81
66	76	87	5	90	76	3	49	35	75	79	63	32	43	64	69	47	92	52	34
34	86	59	89	56	73	77	25	79	56	65	96	42	70	56	80	21	99	69	81
64	69	38	96	49	92	4	32	29	50	45	43	93	41	92	9	71	10	3	12
59	29	8	52	37	54	83	9	65	21	91	78	57	86	52	95	59	11	89	33
53	12	22	73	43	59	55	60	2	59	51	23	73	72	14	35	12	74	8	13
25	76	38	65	41	92	35	16	62	56	88	7	45	36	94	44	46	2	3	81
19	24	11	59	91	76	55	66	43	44	45	87	55	2	87	72	44	32	69	91
66	23	36	6	71	17	91	42	13	34	92	26	80	73	35	17	21	12	11	1
99	75	50	64	85	50	36	22	83	75	52	94	93	72	2	17	55	12	15	55

89	3	18	82	39	21	89	47	95	58	81	14	94	48	78	50	9	87	2	33
40	85	84	71	2	36	52	44	23	89	15	28	43	69	90	73	28	19	70	15
65	24	57	78	6	17	67	38	91	66	50	31	3	27	19	82	61	3	22	10
9	19	38	40	98	20	35	84	11	61	1	19	40	24	31	76	49	90	9	96
5	95	8	39	43	73	38	30	27	3	58	28	68	83	29	46	12	75	73	17
73	72	82	88	27	64	1	40	43	2	69	74	89	43	19	97	72	38	21	63
19	25	31	33	18	22	20	70	71	47	32	16	44	16	67	27	59	92	29	77
7	3	69	28	4	80	67	63	8	49	53	1	54	41	10	1	62	61	70	70

16	5	15
17	13	8
19	9	14
10	17	11

J1	0
J2	432
J3	22
J4	0
J5	181
J6	41
J7	0
J8	383
J9	0
J10	95
J11	288
J12	377
J13	348
J14	0
J15	101
J16	0
J17	0
J18	17
J19	0
J20	176

J1	2156
J2	1886
J3	2830
J4	709
J5	1225
J6	1104
J7	891
J8	3637
J9	2108
J10	644
J11	1002
J12	3695
J13	1133
J14	545
J15	1012
J16	499
J17	2693
J18	1543
J19	3386
J20	874
