calib_50j_2f_5o_8s_3m_idx16
50
2
5
8
3
85	72	64	74	3	31	31	47	46	15	12	73	65	81	37	74	82	53	6	31	66	84	21	66	36	45	83	77	49	82	22	63	91	57	88	56	21	15	15	41	46	55	28	13	47	4	40	41	44	32
63	37	3	87	36	57	18	3	90	61	17	17	84	72	10	62	81	12	89	33	51	79	3	97	59	11	28	66	55	33	1	4	78	79	34	42	38	3	81	5	54	47	64	50	91	12	98	24	1	91
66	32	89	12	92	36	97	30	43	31	29	91	47	64	26	35	35	35	25	61	61	5	65	22	99	29	33	6	45	75	99	71	20	35	67	47	73	20	95	32	82	27	17	79	60	85	22	22	81	42
39	51	67	88	19	66	84	27	48	68	5	89	19	36	48	62	44	4	10	48	43	41	43	85	1	6	41	20	67	23	77	89	85	11	43	25	33	15	4	10	26	65	74	52	4	71	24	61	11	45
95	81	49	30	3	98	51	37	54	83	59	66	92	50	60	46	56	28	32	29	64	80	41	10	86	13	94	63	55	71	59	96	97	93	35	73	33	50	83	45	62	52	65	86	22	52	97	26	11	63

31	94	53	6	25	18	6	69	13	70	7	96	9	58	76	62	31	62	49	49	22	9	65	34	69	84	28	22	34	47	26	5	39	78	15	18	44	75	67	97	23	61	2	98	87	35	12	40	39	54
30	43	72	75	68	50	32	67	18	43	35	42	78	98	55	91	59	96	49	46	48	23	50	35	42	95	63	94	68	82	64	66	40	40	90	46	3	24	93	75	28	88	84	33	96	51	51	95	27	33
7	37	77	94	77	25	96	8	72	80	5	28	38	2	10	40	68	78	51	76	77	54	50	56	79	65	20	51	34	75	17	42	64	26	52	38	53	70	35	38	1	97	47	53	90	23	39	85	43	94
55	9	23	71	26	39	11	5	54	98	79	32	60	35	27	22	22	84	72	80	71	86	16	27	1	72	82	27	79	34	78	81	24	84	53	35	52	16	9	53	69	63	85	75	38	13	35	90	86	32
81	44	78	13	23	78	59	34	62	95	51	80	54	99	50	56	52	53	98	86	75	8	87	45	11	34	65	83	49	65	64	57	16	82	87	33	90	73	27	24	96	45	37	37	95	55	78	6	80	46
88	34	51	58	85	80	50	35	8	79	30	78	86	25	41	74	38	74	36	27	27	88	56	6	90	85	8	31	77	46	54	54	93	72	72	49	65	17	15	45	29	38	53	79	7	10	10	18	73	21
46	59	6	48	6	45	75	70	94	26	94	42	72	42	93	8	26	74	82	59	80	74	60	60	90	14	52	20	61	30	49	68	92	53	2	50	18	57	51	6	2	36	43	55	59	97	39	65	42	2
28	93	10	23	9	17	10	53	73	49	39	49	81	21	97	65	28	99	67	20	64	48	39	74	67	63	95	35	73	44	92	50	43	37	51	51	2	23	20	62	16	83	15	88	60	35	15	78	5	12

13	14	15
16	8	8

J1	181
J2	154
J3	0
J4	229
J5	0
J6	165
J7	0
J8	0
J9	0
J10	0
J11	68
J12	0
J13	78
J14	6
J15	0
J16	0
J17	0
J18	0
J19	199
J20	0
J21	214
J22	0
J23	0
J24	0
J25	201
J26	63
J27	299
J28	0
J29	0
J30	0
J31	117
J32	0
J33	175
J34	0
J35	2
J36	19
J37	0
J38	15
J39	0
J40	63
J41	0
J42	0
J43	48
J44	0
J45	0
J46	47
J47	142
J48	3
J49	237
J50	0

J1	494
J2	822
J3	702
J4	1251
J5	2588
J6	1556
J7	731
J8	2324
J9	1125
J10	585
J11	2240
J12	491
J13	836
J14	660
J15	1084
J16	322
J17	1917
J18	423
J19	1029
J20	1098
J21	699
J22	878
J23	1815
J24	2195
J25	522
J26	1745
J27	806
J28	2527
J29	568
J30	365
J31	510
J32	306
J33	987
J34	378
J35	926
J36	2421
J37	2145
J38	2096
J39	1750
J40	2195
J41	2034
J42	422
J43	1808
J44	443
J45	554
J46	2112
J47	2675
J48	1928
J49	2248
J50	2016
