calib_100j_2f_5o_8s_3m_idx44
100
2
5
8
3
89	12	32	35	57	78	66	82	3	83	91	8	31	8	41	29	69	4	32	53	89	33	69	68	58	96	21	66	63	5	30	81	9	77	6	91	47	40	75	78	57	96	55	60	9	13	81	9	80	60	79	70	29	88	67	17	2	79	15	24	17	19	88	20	28	73	4	12	99	87	91	41	34	46	45	34	90	25	33	89	53	62	90	20	51	46	95	11	74	49	15	88	12	75	74	51	70	83	7	83
66	78	41	43	60	12	16	30	54	59	42	81	74	98	9	85	30	66	45	31	85	40	34	41	23	27	80	64	17	78	50	50	58	67	90	62	35	3	94	49	32	86	61	65	93	54	26	26	85	4	18	38	15	12	81	48	12	68	99	57	19	60	54	80	27	79	84	40	97	73	77	9	54	23	98	90	1	47	78	93	25	18	99	43	70	62	62	85	7	43	99	23	69	34	58	98	5	29	73	85
84	43	26	78	38	65	12	16	83	10	52	64	83	18	10	74	79	62	66	61	39	58	45	86	37	31	60	77	21	64	24	5	77	76	91	47	50	34	23	56	88	97	83	43	97	38	24	16	5	94	79	21	2	37	48	92	52	21	20	61	6	88	55	76	18	33	41	58	41	40	33	64	11	91	92	40	30	58	6	21	59	60	4	27	46	4	19	39	33	59	66	36	76	82	87	21	7	90	50	10
81	75	13	19	47	32	59	72	42	97	94	43	61	75	62	97	10	31	60	53	7	98	83	53	98	68	52	67	8	85	65	91	63	81	16	89	45	30	70	84	96	91	6	2	2	73	32	54	38	17	96	90	62	88	6	95	44	30	2	47	57	24	72	62	28	60	91	74	22	33	53	54	43	17	35	63	53	14	47	94	61	87	84	86	87	59	47	23	46	65	63	97	32	12	61	63	12	48	90	7
75	5	76	57	75	74	20	50	59	55	44	68	46	94	24	94	33	9	73	30	29	39	41	99	86	32	79	96	46	15	7	69	98	15	42	56	50	22	83	30	62	56	69	56	23	65	61	34	33	14	27	47	45	36	29	11	65	62	89	42	52	6	87	35	91	26	51	25	83	71	36	75	94	61	49	48	37	13	43	27	97	41	3	19	54	92	42	49	81	49	24	71	74	27	72	27	27	85	48	8

40	5	75	24	8	15	24	85	42	15	64	41	95	40	81	69	26	96	74	20	28	37	99	61	7	80	70	21	70	11	82	4	49	52	10	10	81	22	85	22	29	17	81	13	39	24	72	3	14	2	80	18	10	76	41	70	87	90	37	39	51	83	85	50	74	28	56	37	23	16	90	31	26	79	85	88	10	53	22	79	44	41	59	9	21	1	93	97	84	21	1	69	7	43	78	60	28	57	89	24
32	76	25	25	14	58	94	9	85	10	14	99	93	13	11	72	64	67	62	21	52	67	53	84	81	80	31	58	21	10	59	86	80	4	24	75	99	33	71	27	62	17	24	45	32	70	98	10	27	12	23	78	95	92	84	54	66	6	64	19	27	79	90	71	12	27	88	22	7	25	40	14	85	78	76	91	87	83	91	1	97	55	5	8	84	20	23	27	91	69	67	55	81	95	97	35	37	80	73	77
97	34	88	34	74	77	9	20	22	26	76	29	13	77	28	94	53	85	41	19	99	3	12	3	79	3	5	47	21	29	55	50	54	35	61	50	5	12	68	62	43	67	87	44	46	94	44	31	90	78	70	6	82	32	34	90	35	66	44	32	74	7	24	34	35	90	13	18	88	9	41	26	44	84	42	72	64	44	6	28	74	28	23	2	32	24	6	83	54	29	33	28	18	59	65	89	26	2	57	45
14	52	82	5	10	9	50	6	65	41	79	17	8	42	14	47	19	66	82	59	67	3	77	17	43	20	75	69	37	35	90	93	26	66	68	2	60	24	13	25	56	93	47	66	40	11	5	10	87	89	62	37	75	8	29	53	22	69	12	71	62	45	72	95	74	45	91	1	4	12	60	43	11	24	25	56	55	72	87	7	10	24	71	21	41	9	23	50	82	48	37	1	35	86	8	30	18	65	92	97
37	8	80	74	80	1	97	39	53	9	76	67	82	92	3	89	99	13	12	2	34	79	84	35	69	37	43	77	84	50	51	45	48	35	68	76	34	11	95	65	69	22	44	77	3	35	96	84	20	95	33	29	16	3	4	83	78	43	86	46	23	4	36	72	20	41	44	26	80	46	33	9	66	5	47	52	87	98	87	72	21	41	50	64	51	38	25	24	6	20	70	25	63	79	13	10	90	14	89	63
12	49	32	47	49	64	67	47	37	65	77	80	18	45	21	24	92	84	76	10	90	51	33	55	22	78	83	90	58	77	79	43	74	88	71	30	46	12	3	17	35	29	25	22	68	1	51	60	53	88	48	35	88	44	98	87	15	14	10	32	94	47	41	65	49	17	42	31	60	19	57	53	73	10	8	27	21	93	94	42	4	20	33	96	47	80	11	88	92	35	32	75	58	9	74	86	27	58	7	24
81	67	81	41	85	2	76	69	4	95	95	57	12	46	3	46	39	82	14	36	14	97	81	16	47	14	42	26	3	10	85	19	78	90	18	64	22	92	59	21	79	56	48	74	24	95	69	9	34	3	12	18	70	62	48	29	29	50	91	80	85	71	1	85	88	86	46	3	56	64	29	84	12	22	61	19	85	20	3	60	78	6	93	7	65	6	13	53	16	30	2	31	89	52	41	30	19	72	90	77
55	6	49	38	24	18	9	49	70	72	43	50	37	19	64	74	53	34	73	84	37	36	32	66	23	99	75	76	86	81	38	8	68	75	46	53	99	63	97	27	36	69	36	78	6	61	60	80	37	21	71	20	45	98	54	6	40	5	58	31	95	31	29	91	85	74	61	30	53	56	45	46	96	14	10	37	90	54	19	83	84	61	19	22	87	44	23	66	69	32	34	65	7	53	65	76	2	96	35	54

16	15	8
6	20	14

J1	0
J2	0
J3	153
J4	0
J5	285
J6	147
J7	130
J8	298
J9	119
J10	0
J11	116
J12	0
J13	31
J14	222
J15	172
J16	285
J17	0
J18	0
J19	82
J20	0
J21	294
J22	0
J23	46
J24	0
J25	24
J26	317
J27	115
J28	0
J29	277
J30	24
J31	314
J32	0
J33	0
J34	0
J35	160
J36	78
J37	0
J38	0
J39	80
J40	0
J41	0
J42	75
J43	0
J44	135
J45	196
J46	298
J47	224
J48	252
J49	0
J50	33
J51	0
J52	282
J53	0
J54	280
J55	0
J56	0
J57	307
J58	0
J59	138
J60	0
J61	0
J62	143
J63	0
J64	0
J65	0
J66	108
J67	236
J68	0
J69	0
J70	210
J71	0
J72	301
J73	46
J74	0
J75	113
J76	28
J77	160
J78	183
J79	32
J80	232
J81	0
J82	0
J83	0
J84	318
J85	179
J86	202
J87	0
J88	0
J89	0
J90	179
J91	196
J92	268
J93	162
J94	0
J95	300
J96	254
J97	75
J98	174
J99	196
J100	102

J1	439
J2	2143
J3	529
J4	2058
J5	1892
J6	2073
J7	2358
J8	2338
J9	1425
J10	884
J11	517
J12	453
J13	1013
J14	1230
J15	2297
J16	745
J17	1015
J18	352
J19	798
J20	2038
J21	998
J22	714
J23	699
J24	907
J25	1072
J26	1744
J27	778
J28	729
J29	2068
J30	2400
J31	853
J32	883
J33	607
J34	550
J35	2242
J36	436
J37	600
J38	1362
J39	536
J40	1863
J41	825
J42	575
J43	785
J44	809
J45	2575
J46	1372
J47	1001
J48	2671
J49	2057
J50	1360
J51	515
J52	1912
J53	1294
J54	1423
J55	1923
J56	472
J57	2499
J58	1900
J59	1115
J60	2085
J61	878
J62	2424
J63	625
J64	520
J65	627
J66	1585
J67	637
J68	2038
J69	577
J70	2681
J71	719
J72	2303
J73	799
J74	1939
J75	1008
J76	399
J77	510
J78	1990
J79	2556
J80	708
J81	447
J82	2226
J83	1041
J84	2271
J85	569
J86	2532
J87	2012
J88	300
J89	374
J90	1677
J91	2607
J92	1720
J93	2348
J94	356
J95	650
J96	1320
J97	1492
J98	1038
J99	693
J100	1216
