calib_200j_2f_10o_5s_3m_idx4
200
2
10
5
3
46	53	13	55	90	11	76	66	39	72	28	99	3	30	72	53	75	75	86	17	69	38	88	64	30	3	81	29	37	31	46	99	52	5	4	38	8	35	4	3	83	49	72	5	16	74	54	3	33	66	68	46	89	65	48	87	40	52	93	90	35	32	76	32	88	37	25	55	74	40	13	37	72	65	5	62	10	56	44	26	47	55	69	23	28	35	8	25	42	18	29	80	8	63	85	16	34	49	67	50	50	17	92	19	43	88	8	48	20	6	47	99	3	68	82	52	28	87	90	41	65	67	11	11	73	74	72	94	53	93	7	78	25	18	91	38	37	73	90	29	8	13	67	1	71	38	54	14	32	91	82	18	53	10	92	86	79	99	59	86	60	29	6	32	95	1	66	88	27	72	15	67	56	21	24	48	58	88	46	56	47	98	30	44	48	87	10	86	68	67	45	58	87	65	60	34	96	78	5	53
69	38	28	76	2	37	55	65	37	13	96	61	40	45	2	26	70	87	84	56	14	69	35	16	49	82	1	12	58	67	76	97	97	80	48	72	53	69	80	49	75	11	28	87	10	16	72	13	64	56	19	60	37	96	78	4	5	41	79	91	46	56	51	80	91	54	41	52	7	38	92	13	2	92	92	57	43	22	30	81	4	70	39	34	74	8	61	2	79	88	3	31	87	84	84	42	80	57	20	63	34	2	62	77	91	85	31	53	85	87	17	33	18	43	49	8	74	18	41	60	48	6	99	81	80	83	60	6	76	13	54	46	63	31	86	99	94	53	40	27	23	37	12	5	68	51	67	15	53	4	41	37	14	88	40	22	38	71	46	76	18	91	72	25	48	13	45	50	1	10	89	53	52	88	49	11	25	34	12	51	49	53	95	43	13	27	49	95	77	7	50	64	20	74	92	94	25	24	93	62
21	70	86	98	6	30	93	5	81	41	19	47	89	90	93	78	55	76	26	45	40	60	25	72	39	84	95	67	72	95	4	26	47	17	57	93	85	83	40	35	32	27	4	41	34	37	48	36	43	59	89	34	7	10	45	60	44	77	43	13	35	57	94	20	57	40	20	31	71	93	47	55	66	69	67	63	64	20	60	9	25	23	29	65	88	29	82	97	77	74	84	35	61	43	15	70	1	72	42	97	17	21	45	13	74	79	59	9	59	97	69	89	52	93	18	9	77	66	85	59	84	20	5	17	73	70	47	57	15	33	40	96	64	15	52	98	78	50	30	12	47	62	31	74	90	13	46	14	2	53	88	62	79	19	16	34	88	50	36	27	88	76	6	35	29	82	5	50	85	82	7	27	42	22	61	16	7	74	96	21	51	14	86	63	31	24	61	91	85	50	75	15	75	18	94	88	99	18	91	48
67	53	99	1	23	22	70	52	4	14	85	74	97	24	89	85	76	1	93	81	72	73	18	16	54	5	47	68	3	85	81	76	91	29	56	98	50	65	13	12	62	36	23	75	36	87	11	81	72	99	3	44	68	53	41	17	47	7	15	61	10	6	28	92	11	55	2	65	6	99	96	94	50	32	33	97	14	56	24	78	58	90	75	66	88	49	93	9	82	62	71	11	59	9	31	49	58	46	76	57	56	86	17	34	70	78	69	93	89	44	73	1	96	55	51	46	79	77	30	86	84	62	49	93	49	19	99	32	14	35	57	36	15	57	73	57	64	34	79	6	62	74	65	46	77	35	74	16	26	73	37	19	97	40	48	67	70	17	53	79	78	67	18	8	77	44	82	5	86	66	69	44	98	79	19	42	49	31	51	73	18	96	24	20	79	85	1	63	49	54	48	99	87	78	90	67	18	61	56	69
56	13	32	61	25	98	85	47	40	50	45	38	92	26	9	64	39	47	85	21	74	12	49	74	89	87	50	22	90	3	3	43	68	8	66	37	81	35	85	35	29	6	59	30	13	65	31	29	77	15	42	6	91	41	41	24	77	71	42	10	12	12	60	37	78	5	31	67	56	57	85	79	55	75	70	60	95	27	40	51	19	40	76	81	2	38	15	49	29	88	67	81	47	18	96	45	9	76	90	53	75	42	66	43	71	56	77	61	67	11	30	53	59	35	27	58	7	95	46	57	19	22	91	38	4	77	57	63	88	80	98	87	81	81	76	90	87	6	71	35	96	2	3	65	80	10	8	76	44	31	67	1	25	15	73	76	94	26	33	50	68	12	68	85	66	64	39	61	72	56	87	69	11	93	67	85	93	51	1	38	27	82	53	81	87	54	49	75	47	30	87	27	11	23	14	54	43	29	28	73
60	98	93	50	96	78	54	25	45	20	92	55	34	12	93	33	1	12	39	9	94	66	96	73	55	70	37	9	62	28	37	76	65	53	36	5	98	86	61	87	32	5	48	48	89	53	18	90	17	72	43	7	9	42	3	63	88	90	68	4	12	13	2	2	56	90	46	90	23	1	78	35	2	14	25	28	90	28	70	82	80	52	28	36	71	58	63	20	57	46	23	58	40	1	67	41	51	94	87	48	82	43	6	98	92	43	35	72	28	23	85	40	33	71	40	30	74	64	11	93	27	59	83	66	45	69	38	50	56	97	55	43	85	78	66	41	60	95	56	59	63	51	17	78	96	33	74	8	87	43	35	24	90	90	97	70	25	30	29	2	70	6	52	74	87	46	62	59	93	80	83	62	40	78	68	95	77	86	19	87	10	58	15	65	41	1	4	14	5	6	66	55	85	4	44	27	42	96	27	7
52	55	40	24	29	1	89	34	47	13	50	83	8	72	58	61	51	9	32	40	60	2	28	98	69	92	89	47	75	53	54	53	96	98	26	88	67	68	8	29	38	5	24	37	42	97	19	42	14	69	59	69	92	73	51	21	7	39	29	18	92	18	41	66	3	94	3	68	22	89	3	58	74	3	38	26	5	8	19	39	11	98	87	76	70	90	58	19	19	19	75	61	50	90	25	22	73	25	12	16	41	87	7	16	12	68	16	93	75	3	60	3	8	31	13	70	79	48	82	55	2	41	43	3	45	84	43	16	93	87	10	57	2	48	46	34	39	66	40	55	14	99	49	35	70	82	43	1	4	17	65	91	50	8	65	41	41	87	26	80	82	29	61	27	60	30	44	30	87	85	94	68	58	45	77	27	29	48	32	61	40	74	26	56	57	54	28	14	91	42	77	5	18	80	21	7	88	26	92	61
66	30	80	27	93	43	53	78	57	92	96	68	87	14	27	69	56	13	42	45	42	92	4	22	59	84	75	64	60	64	67	54	28	60	28	6	36	62	91	21	71	31	1	55	77	93	6	46	52	73	70	62	37	48	42	26	69	36	11	29	20	35	15	61	3	8	89	83	15	6	53	77	14	41	81	42	70	98	61	53	46	11	49	30	55	52	94	78	74	42	94	34	72	84	32	16	75	12	31	1	82	95	39	12	7	86	48	93	95	70	2	61	35	44	51	56	16	13	61	52	86	59	5	18	81	73	97	92	30	35	9	70	72	7	33	78	24	97	7	4	71	2	57	29	21	50	40	90	9	36	16	95	92	60	7	66	29	39	11	12	72	81	75	13	19	98	82	73	65	97	98	51	70	65	13	41	46	83	69	65	44	14	64	59	97	88	7	44	84	99	75	76	30	43	87	65	83	73	87	74
67	54	69	42	34	17	77	8	96	70	75	55	44	87	32	83	47	87	96	41	62	13	47	70	36	33	60	90	81	9	1	39	35	44	2	33	5	99	9	33	75	48	73	79	59	27	74	10	36	72	57	29	72	7	80	75	12	14	83	2	20	6	30	92	10	92	43	29	4	24	16	28	38	26	46	5	63	22	89	93	68	3	21	66	53	92	97	87	28	1	92	40	44	71	65	24	89	77	24	28	19	77	41	39	74	87	70	24	52	61	56	3	82	60	60	59	6	22	14	30	13	22	47	51	8	65	89	15	4	58	61	50	58	30	63	47	38	98	45	42	9	24	81	85	16	61	71	63	46	81	52	3	60	8	23	30	19	47	65	48	41	29	25	36	4	7	30	50	54	97	40	58	61	45	88	51	50	88	58	66	25	54	38	6	7	68	55	27	21	36	59	74	16	55	71	39	45	12	87	99
56	38	72	41	67	16	52	36	48	71	79	51	27	63	12	98	42	58	37	65	24	66	18	84	25	49	94	76	82	61	50	72	36	87	80	39	32	91	5	5	25	29	48	12	14	72	22	35	81	63	18	91	96	39	12	2	27	2	10	97	96	93	98	15	3	10	45	63	34	99	13	80	77	18	99	65	98	1	19	29	44	49	65	18	15	34	66	26	62	26	98	30	77	67	46	74	53	40	13	48	27	76	91	79	47	51	16	42	19	39	37	6	18	49	43	82	52	58	87	57	75	24	43	34	38	43	32	98	29	36	84	33	26	61	78	25	52	41	55	93	37	44	10	94	6	43	43	45	81	60	83	82	57	61	58	14	42	23	54	41	68	50	96	57	74	87	57	48	49	43	87	92	93	89	66	3	90	40	52	97	21	62	98	46	25	6	81	44	94	95	63	98	33	66	39	48	88	15	59	65

16	93	69	45	22	37	87	67	36	35	55	80	75	41	75	70	1	83	50	76	64	13	4	62	85	96	75	71	14	46	59	55	6	72	20	51	11	3	22	52	41	5	32	31	17	61	27	64	14	42	12	73	54	45	56	67	75	92	37	5	98	74	39	91	89	7	93	58	4	76	77	73	5	60	66	47	94	93	52	42	50	68	94	19	61	17	58	56	82	12	80	46	78	12	71	92	59	21	34	12	67	53	34	91	5	61	7	67	99	10	45	84	49	50	54	78	40	93	87	59	79	36	37	59	91	65	23	17	61	9	74	54	43	41	12	51	90	14	51	37	29	37	75	39	5	62	96	5	99	94	67	64	1	55	17	12	29	86	7	94	8	12	45	80	56	84	59	43	93	69	2	91	52	15	49	67	31	95	76	66	62	72	96	98	64	55	28	37	60	91	24	24	24	99	86	35	33	81	14	29
50	21	86	64	52	30	64	18	45	24	83	48	82	37	40	33	68	90	85	97	68	24	20	4	50	29	53	46	88	59	84	22	19	75	20	22	10	93	26	86	97	56	34	31	10	99	82	81	73	24	18	74	50	89	4	61	31	42	98	62	25	82	84	29	24	78	74	10	30	64	58	85	13	52	91	55	54	73	7	79	27	65	62	3	67	40	39	65	68	91	45	68	49	90	71	61	56	90	82	79	63	6	21	80	93	94	51	70	58	77	67	90	86	63	26	50	13	41	33	48	57	38	56	98	89	62	3	67	55	50	88	64	72	69	52	19	79	2	31	73	2	57	37	99	68	45	5	80	6	57	88	27	66	99	18	59	15	67	36	45	67	67	72	21	71	95	17	80	77	77	99	11	12	89	44	87	71	59	9	3	14	28	51	18	75	10	51	70	39	64	81	94	46	15	93	46	49	40	23	54
41	92	79	25	84	84	29	23	87	99	96	22	90	86	6	81	93	23	92	44	2	90	38	10	58	55	62	1	26	25	91	29	35	31	78	66	79	50	1	79	42	48	2	38	56	79	65	55	2	13	10	91	82	84	4	22	13	75	7	52	55	62	31	64	29	82	82	8	34	96	40	11	49	20	98	91	16	4	17	57	37	83	83	18	96	66	46	86	27	96	25	2	85	98	50	72	65	68	69	82	33	68	86	15	85	77	45	21	4	87	11	86	12	50	8	73	49	58	37	43	66	2	6	53	8	69	45	7	24	38	17	8	67	71	97	70	32	42	99	91	67	9	88	38	74	83	37	73	31	20	4	77	8	85	10	72	45	46	48	30	7	88	80	91	46	69	17	92	69	57	96	40	50	24	78	27	23	65	96	94	52	79	69	82	22	44	44	47	70	2	11	54	49	24	75	23	69	79	99	57
87	53	70	33	39	6	38	63	21	2	11	98	31	48	89	48	99	15	93	24	8	85	14	91	15	32	96	14	28	35	27	75	97	23	90	69	94	23	6	88	88	16	59	74	54	61	58	30	21	29	66	71	2	22	8	8	2	81	99	78	6	13	58	92	16	44	99	22	96	61	96	97	81	88	72	91	60	29	41	52	42	84	10	95	56	93	75	20	49	50	22	5	74	2	50	14	31	27	35	79	53	61	35	58	5	99	90	7	43	80	50	97	30	12	46	26	51	37	67	34	5	78	48	8	88	39	80	90	8	33	88	26	7	16	37	41	44	86	91	90	82	88	38	7	93	34	95	2	89	8	19	94	99	57	81	17	8	3	9	25	77	33	88	44	27	89	80	34	96	85	70	41	44	93	77	45	52	70	17	20	55	46	21	28	30	28	1	63	43	41	75	68	98	3	99	66	67	62	74	67
7	94	59	85	4	84	64	92	71	88	69	33	57	7	96	72	75	58	65	41	53	26	83	12	60	44	46	18	77	38	19	9	69	42	98	35	49	2	27	74	74	80	28	17	37	28	80	11	18	3	15	35	96	20	65	72	84	50	96	38	11	57	12	36	41	31	45	27	99	12	33	94	27	15	33	15	22	53	60	69	33	89	38	51	38	34	58	26	95	78	57	63	27	45	75	56	64	78	66	53	74	14	13	3	60	17	30	57	73	97	61	14	8	62	17	59	11	98	46	45	6	45	75	34	22	20	14	84	13	80	83	69	76	76	11	34	45	66	47	1	58	22	3	95	40	30	64	3	96	52	61	65	88	3	68	27	82	38	48	22	41	90	18	57	49	39	8	40	17	59	94	95	23	34	31	45	71	67	61	19	70	61	54	31	50	54	62	36	38	91	50	38	77	53	4	20	10	52	93	94

12	20	14
12	20	15

J1	0
J2	0
J3	158
J4	258
J5	33
J6	129
J7	371
J8	0
J9	0
J10	0
J11	0
J12	237
J13	0
J14	0
J15	297
J16	271
J17	0
J18	163
J19	155
J20	57
J21	0
J22	0
J23	0
J24	334
J25	59
J26	0
J27	142
J28	199
J29	0
J30	0
J31	76
J32	0
J33	303
J34	0
J35	0
J36	0
J37	0
J38	0
J39	243
J40	0
J41	0
J42	0
J43	0
J44	271
J45	75
J46	0
J47	174
J48	0
J49	0
J50	0
J51	361
J52	0
J53	0
J54	161
J55	173
J56	0
J57	252
J58	342
J59	67
J60	0
J61	134
J62	187
J63	0
J64	0
J65	0
J66	58
J67	37
J68	203
J69	0
J70	4
J71	0
J72	0
J73	11
J74	371
J75	0
J76	190
J77	154
J78	125
J79	0
J80	66
J81	0
J82	220
J83	0
J84	171
J85	0
J86	168
J87	29
J88	218
J89	286
J90	0
J91	0
J92	0
J93	21
J94	0
J95	361
J96	0
J97	0
J98	228
J99	107
J100	252
J101	0
J102	215
J103	194
J104	202
J105	75
J106	96
J107	59
J108	0
J109	0
J110	72
J111	235
J112	0
J113	256
J114	0
J115	0
J116	0
J117	366
J118	0
J119	0
J120	0
J121	0
J122	0
J123	132
J124	0
J125	0
J126	79
J127	0
J128	50
J129	0
J130	160
J131	327
J132	38
J133	54
J134	0
J135	354
J136	141
J137	0
J138	301
J139	0
J140	0
J141	0
J142	1
J143	0
J144	12
J145	0
J146	319
J147	0
J148	279
J149	0
J150	0
J151	0
J152	0
J153	0
J154	0
J155	253
J156	90
J157	0
J158	108
J159	108
J160	0
J161	46
J162	0
J163	0
J164	0
J165	0
J166	351
J167	0
J168	256
J169	0
J170	254
J171	199
J172	0
J173	182
J174	0
J175	0
J176	273
J177	0
J178	0
J179	0
J180	83
J181	36
J182	0
J183	52
J184	0
J185	0
J186	184
J187	207
J188	0
J189	295
J190	0
J191	0
J192	0
J193	11
J194	268
J195	197
J196	0
J197	295
J198	307
J199	0
J200	370

J1	829
J2	632
J3	727
J4	1219
J5	2703
J6	2487
J7	840
J8	2605
J9	1137
J10	1996
J11	425
J12	1264
J13	455
J14	2977
J15	1123
J16	982
J17	875
J18	826
J19	814
J20	2151
J21	657
J22	1685
J23	3025
J24	1257
J25	954
J26	401
J27	1042
J28	3113
J29	371
J30	2907
J31	2275
J32	385
J33	780
J34	714
J35	2819
J36	955
J37	1643
J38	627
J39	2697
J40	2750
J41	796
J42	2742
J43	2981
J44	1974
J45	1866
J46	668
J47	2474
J48	2867
J49	2652
J50	655
J51	2432
J52	763
J53	869
J54	1831
J55	3059
J56	2040
J57	2611
J58	1145
J59	433
J60	2633
J61	2372
J62	2478
J63	1227
J64	432
J65	2272
J66	1179
J67	1175
J68	2244
J69	2907
J70	672
J71	1129
J72	513
J73	2456
J74	2049
J75	624
J76	1291
J77	1430
J78	2424
J79	2905
J80	668
J81	2998
J82	736
J83	785
J84	2875
J85	408
J86	1877
J87	686
J88	1812
J89	731
J90	1310
J91	1006
J92	2497
J93	507
J94	909
J95	1049
J96	2098
J97	1024
J98	719
J99	1384
J100	888
J101	1004
J102	1297
J103	2647
J104	3033
J105	550
J106	1300
J107	2187
J108	342
J109	648
J110	1093
J111	2766
J112	615
J113	2421
J114	637
J115	2436
J116	1288
J117	3016
J118	621
J119	568
J120	353
J121	725
J122	2386
J123	2752
J124	1901
J125	833
J126	561
J127	1152
J128	2097
J129	2473
J130	1253
J131	808
J132	681
J133	2269
J134	2386
J135	848
J136	487
J137	637
J138	801
J139	483
J140	2719
J141	1793
J142	2216
J143	2529
J144	1157
J145	530
J146	3141
J147	332
J148	3308
J149	2616
J150	2118
J151	687
J152	1958
J153	499
J154	1674
J155	1184
J156	2794
J157	2612
J158	2072
J159	2221
J160	840
J161	923
J162	1117
J163	945
J164	2286
J165	1059
J166	796
J167	1675
J168	1135
J169	848
J170	686
J171	626
J172	546
J173	1146
J174	782
J175	405
J176	3121
J177	1009
J178	459
J179	2497
J180	442
J181	2973
J182	838
J183	666
J184	2035
J185	1624
J186	2382
J187	3104
J188	1670
J189	701
J190	1075
J191	705
J192	440
J193	1214
J194	2629
J195	668
J196	2595
J197	896
J198	1546
J199	411
J200	1037
