calib_200j_3f_5o_8s_4m_idx35
200
3
5
8
4
56	54	53	4	1	6	82	28	99	14	21	3	90	44	86	47	16	42	13	11	35	78	50	63	66	11	55	28	58	32	31	95	55	52	89	97	61	8	37	91	42	50	27	56	50	97	64	37	18	72	72	56	10	62	82	25	85	35	50	4	49	22	1	81	59	50	17	6	98	74	84	81	14	69	47	39	78	58	96	75	90	2	83	2	17	63	22	42	48	55	92	87	41	86	79	52	77	24	28	67	1	19	22	83	66	69	50	79	56	74	55	91	94	62	22	52	13	72	59	77	16	8	15	26	20	74	14	53	38	13	91	64	26	13	99	13	85	44	14	38	65	10	71	74	90	94	11	85	65	28	38	3	13	84	73	43	82	54	18	12	37	93	43	96	40	51	45	59	9	75	80	14	42	69	75	38	54	78	52	61	65	46	73	68	13	63	66	63	72	70	71	63	40	66	17	26	26	12	40	65
86	42	54	32	75	56	10	34	26	2	42	10	82	10	63	94	29	74	5	33	88	18	68	95	39	3	9	82	93	93	24	80	5	61	47	18	73	49	6	32	95	49	56	77	66	65	80	24	82	13	63	3	14	63	43	63	91	52	73	38	17	67	14	31	67	36	35	87	16	97	80	85	66	61	40	67	34	19	94	85	79	12	46	59	25	6	84	38	30	29	60	39	26	37	58	60	32	44	10	96	26	14	44	68	41	61	7	30	21	64	89	26	37	69	87	83	35	96	31	42	73	77	90	31	16	45	88	63	9	36	60	27	65	92	40	27	65	34	57	9	86	80	33	87	38	22	95	20	9	18	87	51	45	27	74	56	14	78	54	27	63	85	66	96	35	66	44	99	86	68	98	80	72	5	6	87	35	18	59	8	73	46	96	33	22	80	55	54	40	65	9	49	17	77	18	66	56	6	60	43
69	85	4	33	81	13	7	32	59	85	27	66	68	4	39	16	34	50	63	36	22	61	95	81	10	29	51	96	74	31	57	61	83	27	69	55	98	57	12	32	23	27	98	49	5	37	70	75	8	59	83	93	70	33	78	88	19	57	90	63	15	25	69	53	19	19	57	71	63	63	10	84	2	69	51	92	10	19	89	80	14	46	42	67	45	15	59	63	54	39	70	94	97	65	51	80	39	61	45	54	16	25	8	70	94	12	54	72	89	87	75	4	6	79	19	33	87	41	32	56	92	87	98	29	28	27	66	27	62	10	38	72	49	77	61	71	27	95	13	21	38	84	67	73	33	69	42	2	9	64	83	7	50	46	40	82	66	93	78	55	24	47	2	65	63	7	66	90	5	95	76	20	12	74	88	77	93	53	32	9	57	55	95	49	3	77	30	60	37	42	35	20	89	84	65	62	43	18	6	50
54	20	39	1	59	5	25	86	80	19	74	18	28	67	31	74	51	51	30	97	82	6	8	49	63	53	75	10	12	80	29	64	59	57	22	73	71	61	11	44	5	52	33	94	79	70	87	88	79	1	64	53	48	36	66	58	75	20	1	70	24	25	1	70	60	28	33	68	48	12	26	27	46	19	42	76	71	87	71	43	18	98	79	65	11	35	16	71	84	74	42	28	74	80	15	49	27	15	38	15	71	35	31	64	21	42	23	78	57	83	66	69	62	8	28	45	17	79	1	48	30	99	63	79	65	91	73	64	2	72	17	54	95	34	75	51	31	43	83	2	69	23	93	88	44	88	26	29	71	65	53	1	81	75	50	79	87	24	21	16	34	65	50	39	26	72	1	49	21	75	83	20	93	45	80	8	97	71	50	27	61	46	58	89	56	17	41	7	27	46	6	82	33	39	13	33	88	5	75	84
38	44	87	23	50	11	94	73	35	58	76	26	45	2	73	64	59	53	7	50	95	50	36	12	72	26	14	68	79	70	88	6	45	70	58	54	62	92	48	48	25	79	77	40	31	57	6	51	31	28	90	72	44	11	22	51	23	23	37	65	11	25	22	75	61	46	14	80	20	87	17	99	9	38	35	90	75	26	84	68	85	12	4	95	65	31	22	6	72	21	24	86	82	72	68	36	48	73	81	33	26	57	11	70	41	8	55	15	61	56	25	1	51	5	94	14	95	88	21	94	69	26	86	28	22	14	72	82	71	51	51	77	24	4	67	15	38	36	99	57	57	65	92	85	49	39	42	82	54	72	57	12	63	43	52	37	7	42	48	45	72	96	76	70	57	46	24	64	67	42	44	7	70	34	62	52	56	11	22	18	67	98	23	35	27	38	96	82	43	86	92	22	53	10	96	55	7	5	26	76

48	24	7	94	13	74	55	4	81	44	44	77	23	36	27	87	30	64	8	70	44	8	26	78	79	7	64	37	87	9	80	68	34	44	58	45	75	30	30	53	41	44	25	94	73	3	95	31	72	79	41	64	53	34	2	95	61	57	92	77	26	41	94	60	69	57	95	71	12	58	59	78	82	59	86	15	18	26	75	49	17	35	52	43	94	48	91	54	45	83	95	55	90	2	82	23	71	21	89	35	40	84	42	50	13	80	44	42	84	2	50	41	25	56	71	65	16	46	57	13	81	64	42	99	38	42	19	31	59	10	60	18	29	52	25	36	52	70	90	14	51	21	5	61	76	35	92	34	62	33	27	41	35	74	25	57	9	50	62	2	39	45	21	44	99	67	11	93	6	19	86	86	51	55	50	54	36	67	46	29	95	15	60	14	1	46	48	43	32	97	54	12	5	5	30	81	86	42	95	51
13	2	89	34	58	78	75	64	40	41	86	83	46	36	43	59	56	66	67	34	20	26	64	36	11	5	34	60	41	69	37	99	36	71	94	39	96	2	62	5	52	28	95	17	78	51	77	94	98	77	42	34	44	41	97	59	75	40	87	16	15	83	70	78	89	83	23	17	72	75	96	2	70	85	15	16	16	23	90	42	96	14	15	57	54	23	61	69	8	38	30	40	6	18	34	78	98	67	91	74	1	73	51	17	29	85	36	25	15	65	90	16	93	31	16	75	50	52	47	64	71	23	26	6	76	21	29	27	28	70	46	34	39	48	31	81	90	53	89	32	63	68	31	49	96	81	6	39	20	56	91	72	62	48	84	40	30	71	17	59	36	38	24	65	97	51	66	11	69	5	56	96	3	41	24	69	92	90	68	47	72	41	91	12	2	32	50	36	35	72	58	51	8	14	86	64	67	47	69	49
53	1	55	64	81	85	47	66	31	69	25	89	46	3	44	32	42	79	55	74	88	80	46	47	4	62	23	5	52	19	40	16	72	21	13	56	20	90	85	26	60	48	22	11	23	23	53	42	7	87	55	24	24	42	89	96	86	23	42	13	75	83	14	52	84	46	75	35	80	2	81	81	5	86	70	19	43	43	12	1	63	82	28	17	36	2	9	84	53	38	48	1	81	92	19	89	22	18	14	76	56	71	41	53	23	38	51	20	99	61	25	62	70	4	72	61	43	66	70	65	75	49	92	72	41	42	14	5	13	61	40	8	1	32	52	89	91	26	13	21	14	20	82	68	88	66	70	18	85	51	40	46	59	68	13	67	50	20	26	42	81	66	91	54	97	23	82	74	85	35	80	42	90	76	36	9	25	77	88	58	53	41	16	52	60	10	36	13	37	50	31	37	2	61	72	48	64	44	49	97
67	92	98	53	69	14	84	52	54	25	1	84	52	53	26	86	23	61	71	52	29	33	75	85	26	98	75	16	15	19	47	88	32	6	86	32	20	88	13	92	42	59	96	33	77	92	30	10	98	78	90	81	96	41	37	81	52	38	50	1	9	73	33	15	45	92	60	42	74	87	96	15	62	3	24	89	16	20	6	82	81	43	8	38	63	82	68	69	40	87	7	68	11	57	85	83	87	55	83	58	85	72	61	87	71	16	21	50	13	3	2	40	22	41	30	76	90	4	49	27	61	90	21	77	27	45	50	21	1	51	86	24	93	84	17	52	70	70	87	71	71	1	29	75	12	26	59	12	37	49	29	19	96	16	93	86	35	44	52	85	99	94	69	4	42	84	90	23	77	89	21	48	22	35	19	12	25	82	12	17	15	68	17	24	49	90	85	82	86	48	25	17	23	74	17	7	19	40	80	33
75	94	81	36	62	35	98	35	61	35	97	64	12	98	32	84	79	63	20	42	39	72	47	67	90	65	68	39	74	99	19	41	59	60	66	87	10	62	5	21	55	95	99	9	20	53	60	63	15	41	79	60	54	7	27	67	84	78	86	17	71	34	60	31	18	30	54	26	47	37	53	48	1	70	92	70	46	73	93	3	59	45	24	18	42	96	53	37	58	43	52	63	86	90	35	70	70	87	46	55	86	90	83	7	85	75	10	66	56	80	30	55	48	97	96	53	64	74	79	11	83	36	77	83	89	58	67	63	65	47	68	73	5	80	40	91	26	45	44	12	23	19	85	74	86	6	99	31	68	46	46	85	92	92	52	86	60	72	8	80	70	83	1	12	71	31	10	84	31	48	72	10	53	41	67	51	15	11	98	98	1	45	10	6	79	86	1	34	89	63	24	42	82	13	79	16	3	85	15	4
69	14	42	46	36	35	53	45	85	68	23	49	4	59	99	85	72	77	77	18	29	62	51	13	99	53	43	95	88	67	4	75	11	82	75	41	78	56	9	58	63	32	7	30	14	87	97	20	63	80	34	97	59	2	71	51	63	81	75	11	52	91	3	81	97	41	21	93	14	58	12	19	14	76	21	35	65	49	26	67	17	52	84	39	96	27	44	53	96	11	80	13	34	7	66	74	58	72	98	96	46	3	57	95	45	72	73	75	98	92	44	69	66	95	50	8	58	51	38	95	74	15	73	56	8	96	21	54	71	46	57	71	18	15	90	50	7	14	13	75	95	8	45	23	54	83	10	59	35	45	16	38	78	27	19	10	23	35	47	48	9	1	73	5	91	99	94	24	66	3	4	82	92	99	71	71	75	39	25	16	65	3	37	69	39	90	41	27	18	34	67	39	54	26	79	91	75	76	15	85
23	77	70	28	8	92	74	19	74	36	38	41	95	15	92	68	42	60	21	6	86	22	98	31	72	52	38	8	7	33	85	9	94	31	93	91	17	98	51	13	66	15	37	45	70	97	27	99	25	66	55	20	85	49	22	75	96	79	39	53	44	59	73	73	6	70	26	97	88	83	30	35	36	11	90	39	80	87	75	40	87	81	47	48	76	88	86	23	33	39	10	31	52	65	93	62	25	74	3	80	66	7	38	85	68	43	17	78	36	89	53	1	94	19	15	72	50	39	2	60	98	60	12	30	90	82	92	81	41	30	37	42	26	1	99	60	5	49	64	63	20	16	73	73	82	17	16	85	92	7	26	8	34	34	3	85	15	51	78	65	19	73	35	81	37	27	46	56	63	89	3	46	69	3	58	88	51	4	64	92	41	21	72	7	71	11	4	1	38	72	7	69	63	88	56	61	19	77	13	8
31	16	63	48	96	80	91	95	15	12	99	29	18	56	18	83	48	28	44	52	71	76	82	65	26	26	15	71	48	81	85	70	84	2	84	11	76	81	91	73	70	41	73	82	8	82	59	11	57	94	94	13	12	51	7	71	66	41	8	45	93	53	2	34	54	2	41	37	18	76	64	9	30	67	56	16	89	62	24	97	78	65	26	88	71	11	35	52	23	21	89	87	94	78	90	94	40	77	10	96	44	34	68	53	19	2	47	51	89	6	38	29	12	49	61	52	5	3	92	46	18	14	51	62	5	83	72	47	27	59	22	90	34	36	56	76	90	48	68	38	86	63	37	64	25	80	8	82	8	38	57	36	33	63	10	84	88	31	4	96	24	21	97	79	17	1	76	63	87	4	19	64	90	73	57	78	5	82	96	78	4	72	18	13	24	70	62	29	8	66	85	34	96	99	6	72	68	52	67	89

18	12	10	8
20	5	20	14
6	5	12	15

J1	26
J2	218
J3	0
J4	191
J5	0
J6	0
J7	94
J8	241
J9	108
J10	47
J11	0
J12	11
J13	96
J14	198
J15	0
J16	0
J17	0
J18	264
J19	0
J20	0
J21	202
J22	0
J23	120
J24	0
J25	119
J26	118
J27	0
J28	312
J29	0
J30	92
J31	188
J32	219
J33	302
J34	254
J35	40
J36	0
J37	305
J38	145
J39	93
J40	123
J41	96
J42	30
J43	0
J44	225
J45	0
J46	0
J47	0
J48	126
J49	0
J50	116
J51	39
J52	292
J53	136
J54	0
J55	99
J56	0
J57	37
J58	0
J59	152
J60	224
J61	0
J62	295
J63	0
J64	263
J65	172
J66	0
J67	0
J68	0
J69	0
J70	171
J71	235
J72	47
J73	0
J74	237
J75	0
J76	86
J77	46
J78	289
J79	0
J80	301
J81	204
J82	172
J83	0
J84	158
J85	0
J86	154
J87	0
J88	0
J89	0
J90	136
J91	0
J92	245
J93	110
J94	0
J95	168
J96	210
J97	0
J98	0
J99	280
J100	0
J101	0
J102	0
J103	60
J104	0
J105	156
J106	155
J107	171
J108	0
J109	279
J110	0
J111	310
J112	92
J113	270
J114	0
J115	1
J116	282
J117	92
J118	282
J119	0
J120	10
J121	0
J122	0
J123	0
J124	0
J125	57
J126	0
J127	101
J128	0
J129	0
J130	242
J131	0
J132	0
J133	183
J134	0
J135	145
J136	0
J137	74
J138	249
J139	178
J140	0
J141	288
J142	87
J143	0
J144	242
J145	0
J146	96
J147	242
J148	0
J149	112
J150	0
J151	21
J152	0
J153	0
J154	310
J155	0
J156	241
J157	0
J158	111
J159	267
J160	67
J161	0
J162	86
J163	257
J164	256
J165	0
J166	298
J167	259
J168	0
J169	0
J170	131
J171	325
J172	0
J173	279
J174	0
J175	0
J176	95
J177	205
J178	304
J179	0
J180	306
J181	0
J182	0
J183	118
J184	241
J185	119
J186	0
J187	140
J188	254
J189	104
J190	0
J191	47
J192	0
J193	16
J194	147
J195	0
J196	0
J197	0
J198	266
J199	84
J200	0

J1	814
J2	2296
J3	315
J4	2751
J5	1424
J6	2482
J7	515
J8	2174
J9	742
J10	2252
J11	712
J12	962
J13	2357
J14	2060
J15	586
J16	542
J17	1659
J18	1056
J19	2421
J20	2283
J21	830
J22	2172
J23	872
J24	706
J25	1067
J26	2489
J27	1885
J28	2026
J29	617
J30	512
J31	886
J32	643
J33	1214
J34	2872
J35	751
J36	486
J37	725
J38	569
J39	1843
J40	2653
J41	783
J42	2340
J43	319
J44	1243
J45	1859
J46	409
J47	758
J48	959
J49	1006
J50	564
J51	521
J52	850
J53	2432
J54	2300
J55	1719
J56	377
J57	881
J58	811
J59	670
J60	2438
J61	2407
J62	1842
J63	2389
J64	815
J65	792
J66	2222
J67	2470
J68	485
J69	834
J70	682
J71	705
J72	1463
J73	2532
J74	551
J75	1116
J76	931
J77	1488
J78	2507
J79	552
J80	778
J81	558
J82	1903
J83	2005
J84	1164
J85	310
J86	1620
J87	1359
J88	1899
J89	1087
J90	2349
J91	352
J92	1114
J93	967
J94	582
J95	539
J96	809
J97	379
J98	1143
J99	947
J100	582
J101	1976
J102	2041
J103	1794
J104	611
J105	2306
J106	2500
J107	2129
J108	831
J109	724
J110	419
J111	902
J112	2298
J113	1384
J114	1985
J115	987
J116	997
J117	755
J118	617
J119	2504
J120	526
J121	588
J122	955
J123	484
J124	779
J125	2054
J126	329
J127	777
J128	2271
J129	1792
J130	2812
J131	1593
J132	870
J133	1982
J134	2566
J135	1018
J136	495
J137	1053
J138	874
J139	608
J140	1746
J141	796
J142	1586
J143	429
J144	839
J145	847
J146	547
J147	1559
J148	1950
J149	2472
J150	1384
J151	905
J152	2383
J153	475
J154	865
J155	2102
J156	642
J157	1404
J158	1179
J159	2546
J160	731
J161	1782
J162	894
J163	1205
J164	666
J165	582
J166	1119
J167	1580
J168	839
J169	998
J170	811
J171	796
J172	1911
J173	764
J174	703
J175	744
J176	531
J177	1996
J178	1345
J179	654
J180	2250
J181	777
J182	1697
J183	1434
J184	2309
J185	2355
J186	813
J187	2565
J188	2139
J189	2206
J190	522
J191	1374
J192	2546
J193	2082
J194	1821
J195	1120
J196	1141
J197	975
J198	1690
J199	1422
J200	465
