calib_100j_3f_5o_5s_4m_idx2
100
3
5
5
4
69	25	80	17	55	29	39	75	90	84	79	70	46	13	12	85	16	68	48	61	34	47	77	99	89	78	55	30	51	21	66	82	78	50	17	12	75	14	82	49	65	12	61	80	66	94	41	88	1	34	85	81	45	91	24	22	9	13	8	77	72	75	29	56	51	69	9	73	40	94	17	49	2	22	14	40	16	4	43	87	7	61	13	62	55	27	20	33	15	64	61	5	60	38	12	74	70	26	18	54
66	78	67	70	81	70	28	28	93	84	83	27	86	80	33	28	79	10	27	15	75	78	24	55	36	25	67	66	23	46	44	62	78	26	59	53	64	15	9	80	88	92	63	26	98	13	11	77	43	11	74	86	89	37	87	57	44	80	11	42	39	46	31	9	47	88	31	52	7	28	51	38	95	72	38	54	74	48	86	11	91	6	41	89	23	5	7	47	42	32	62	8	14	47	99	7	94	56	55	85
46	12	89	63	66	65	67	41	90	62	8	65	67	57	2	22	16	62	15	23	66	48	92	45	54	90	86	79	6	24	66	11	40	29	67	3	91	46	69	72	12	49	16	98	19	17	62	8	33	28	61	55	97	63	26	35	93	2	35	85	30	62	92	41	68	79	54	16	58	51	94	89	67	13	40	94	20	96	50	81	21	89	93	73	93	3	38	88	42	91	25	88	4	33	84	11	16	51	55	49
3	76	47	33	61	5	26	77	21	79	43	77	10	17	12	2	40	72	87	22	2	36	74	42	54	88	88	44	87	47	82	21	58	67	43	21	10	98	39	47	32	75	28	27	68	78	24	28	27	97	3	8	69	15	76	48	96	2	88	44	28	58	92	96	99	34	81	33	93	35	46	76	72	68	30	53	47	22	54	51	70	42	36	2	34	70	11	93	28	26	38	60	52	62	62	41	13	18	58	39
51	32	48	71	4	71	52	86	1	3	7	67	84	56	4	31	34	22	4	81	69	24	74	33	13	49	48	31	50	51	27	87	8	33	84	94	95	20	65	82	6	29	56	42	6	45	68	6	91	54	22	22	81	30	19	58	4	55	90	58	50	99	94	71	3	36	5	40	21	31	36	12	24	13	99	83	59	41	44	49	24	36	56	88	84	8	18	57	33	77	61	53	20	9	43	7	38	86	41	20

33	43	25	33	86	9	9	2	78	20	56	69	13	27	85	2	34	58	95	56	54	24	36	92	69	38	50	98	97	36	5	93	15	48	60	52	27	87	61	66	63	89	55	54	70	40	73	87	41	39	20	40	69	53	96	6	58	1	21	48	61	71	64	20	40	67	16	68	63	91	88	19	27	23	24	14	39	66	45	38	99	65	30	18	16	62	2	62	20	31	55	51	54	58	59	9	5	85	55	39
97	49	40	19	30	25	7	70	75	94	71	89	76	40	35	62	3	3	18	69	49	51	6	15	94	1	45	17	88	94	25	75	67	6	3	5	62	90	90	43	88	30	49	78	89	5	16	96	11	65	91	22	33	60	38	18	15	4	51	50	30	33	64	86	38	59	72	26	52	29	51	13	6	46	77	71	5	42	60	4	80	7	35	16	10	63	86	33	87	11	89	75	95	35	23	94	30	61	8	99
99	63	4	87	92	76	53	88	34	62	12	26	20	97	28	75	28	71	52	63	50	62	90	60	10	76	3	75	43	10	64	27	77	80	23	11	99	29	83	32	29	4	44	8	19	7	99	71	32	94	53	9	73	23	89	4	79	40	72	83	89	66	99	46	8	66	65	56	84	22	4	37	29	27	55	67	17	38	74	43	96	83	99	95	95	14	85	97	20	68	50	26	80	5	31	35	84	25	26	99
54	17	34	24	52	52	44	27	20	1	76	60	88	87	35	37	32	10	40	30	92	68	11	50	28	64	35	1	84	30	54	76	69	74	59	98	64	60	92	64	29	85	40	27	10	95	78	97	78	88	71	96	9	42	39	39	74	44	66	84	13	1	82	38	33	95	61	8	30	87	34	90	30	55	21	91	3	46	52	27	51	88	55	69	30	80	10	18	7	47	37	71	4	10	31	73	18	64	27	65
73	59	47	52	47	42	57	12	63	12	20	58	38	1	2	71	53	67	11	24	29	77	68	60	15	24	24	65	60	77	51	50	53	79	78	58	10	89	39	42	53	98	53	2	89	56	25	2	43	29	49	94	76	44	89	71	97	88	74	37	99	99	81	19	18	52	84	63	22	23	9	22	20	26	43	34	41	11	9	51	4	1	14	71	80	53	16	38	99	97	15	22	78	61	75	81	56	35	5	13

11	14	14	9
14	20	13	19
20	7	17	20

J1	0
J2	129
J3	192
J4	231
J5	70
J6	0
J7	49
J8	0
J9	0
J10	0
J11	0
J12	0
J13	0
J14	0
J15	0
J16	92
J17	0
J18	96
J19	150
J20	0
J21	0
J22	0
J23	0
J24	217
J25	176
J26	0
J27	0
J28	0
J29	0
J30	0
J31	144
J32	120
J33	90
J34	0
J35	146
J36	176
J37	28
J38	0
J39	77
J40	203
J41	0
J42	0
J43	125
J44	142
J45	114
J46	0
J47	0
J48	0
J49	0
J50	0
J51	0
J52	70
J53	150
J54	18
J55	0
J56	222
J57	0
J58	0
J59	62
J60	171
J61	0
J62	0
J63	8
J64	84
J65	0
J66	0
J67	0
J68	0
J69	95
J70	4
J71	0
J72	0
J73	104
J74	0
J75	142
J76	0
J77	100
J78	0
J79	10
J80	0
J81	0
J82	0
J83	0
J84	0
J85	134
J86	58
J87	45
J88	0
J89	0
J90	0
J91	95
J92	0
J93	0
J94	0
J95	172
J96	0
J97	181
J98	207
J99	0
J100	47

J1	553
J2	2019
J3	892
J4	917
J5	395
J6	1793
J7	1645
J8	585
J9	244
J10	754
J11	1748
J12	397
J13	541
J14	633
J15	1659
J16	1594
J17	1008
J18	1715
J19	1373
J20	1131
J21	362
J22	758
J23	402
J24	535
J25	790
J26	278
J27	796
J28	435
J29	297
J30	1916
J31	1258
J32	588
J33	485
J34	509
J35	695
J36	1987
J37	486
J38	240
J39	551
J40	631
J41	1355
J42	301
J43	992
J44	1979
J45	571
J46	1763
J47	752
J48	297
J49	1760
J50	253
J51	236
J52	591
J53	589
J54	1513
J55	616
J56	2096
J57	396
J58	1787
J59	737
J60	499
J61	495
J62	354
J63	365
J64	486
J65	1751
J66	425
J67	532
J68	1943
J69	769
J70	768
J71	1503
J72	1558
J73	1728
J74	1326
J75	2019
J76	689
J77	1145
J78	1590
J79	669
J80	1700
J81	408
J82	396
J83	638
J84	396
J85	408
J86	1672
J87	1800
J88	446
J89	1529
J90	257
J91	494
J92	523
J93	539
J94	1808
J95	828
J96	1743
J97	1477
J98	1607
J99	1936
J100	318
