calib_100j_4f_5o_8s_3m_idx11
100
4
5
8
3
94	86	32	34	55	88	95	19	32	40	64	53	13	47	72	84	26	99	44	64	73	13	73	61	94	90	89	51	73	73	19	70	30	37	72	89	18	80	36	68	32	6	84	66	18	79	67	64	14	71	35	56	37	24	69	13	60	20	27	84	32	94	78	50	53	83	55	83	16	52	40	11	57	57	20	42	3	5	66	82	12	92	81	54	41	28	98	58	4	22	70	54	46	43	30	57	24	45	18	75
51	12	19	1	50	22	77	74	82	16	62	94	96	25	42	6	70	5	64	19	23	94	43	55	89	96	60	64	81	54	59	23	89	86	19	73	96	13	44	50	65	32	60	84	9	28	91	61	63	63	98	43	82	4	33	50	36	50	80	36	77	39	17	77	34	27	7	70	53	23	98	43	85	72	49	20	41	75	97	36	70	97	32	13	26	61	51	18	64	16	59	16	7	68	48	97	85	53	65	77
34	92	31	15	39	33	93	5	93	74	71	23	71	68	85	99	25	47	74	74	82	24	11	66	12	31	45	60	32	90	64	31	4	26	39	6	6	57	78	27	83	11	12	13	6	68	12	9	40	34	41	17	52	49	81	98	58	62	91	75	41	68	98	8	79	6	96	88	77	56	92	46	40	65	54	44	99	59	74	16	59	64	9	89	77	37	15	78	66	72	63	7	32	73	83	90	7	59	83	1
32	78	9	70	63	56	41	84	60	54	10	39	26	78	69	34	13	80	92	63	38	89	80	4	64	28	43	33	21	49	24	51	88	10	99	11	18	75	39	43	95	59	94	2	69	7	87	29	96	12	36	34	92	46	3	85	64	3	33	72	70	99	81	36	95	6	49	20	64	74	56	9	5	9	8	10	16	42	30	86	24	85	22	84	2	22	4	65	25	14	70	61	42	41	50	14	56	54	69	18
55	17	17	15	33	85	19	80	13	42	30	35	79	35	45	33	12	25	37	87	75	54	2	12	59	12	80	11	23	98	67	54	15	74	56	21	38	36	9	24	53	20	17	33	85	66	86	87	72	60	29	27	50	4	16	36	61	40	68	3	25	64	95	74	81	44	78	1	8	78	53	39	3	92	81	41	58	59	36	91	96	86	47	15	60	28	96	26	39	36	44	56	67	50	49	96	80	41	84	38

42	35	75	91	75	27	92	17	27	56	15	37	12	24	91	97	92	60	59	37	66	96	74	17	3	43	8	86	16	78	63	92	34	60	70	96	8	10	78	21	73	23	95	40	74	18	70	20	25	56	28	85	34	1	57	53	93	92	71	68	43	55	75	19	55	63	95	45	33	34	35	5	29	19	4	81	23	44	78	66	22	57	62	52	29	10	63	52	10	47	9	36	58	46	81	40	9	64	80	91
7	52	83	75	62	59	88	66	25	65	70	82	69	98	91	75	87	78	81	60	82	35	98	15	91	98	39	35	68	2	43	41	55	80	90	58	90	31	26	75	71	26	48	26	24	20	85	55	93	60	37	69	91	43	86	98	23	60	86	82	79	97	31	3	38	45	78	20	40	88	77	47	77	88	33	74	56	28	18	47	78	20	80	18	34	27	70	40	71	45	82	25	20	46	26	40	84	58	93	27
26	26	7	5	98	76	67	69	80	81	28	4	31	23	19	61	84	10	68	71	27	74	90	8	80	87	20	4	22	26	52	52	93	57	87	52	63	34	62	67	14	70	48	67	43	31	1	24	39	88	57	73	53	72	65	16	57	13	95	84	62	4	22	74	68	8	85	30	27	7	51	29	96	93	83	53	50	96	63	8	66	19	64	14	58	75	6	64	1	96	32	48	46	5	78	53	12	9	83	38
66	6	73	60	45	50	98	30	61	37	35	3	1	44	52	44	53	70	95	6	79	40	10	75	92	47	50	92	54	20	58	9	43	57	62	49	78	48	70	23	50	46	53	85	38	31	25	23	17	10	95	56	13	13	46	68	25	93	30	45	81	32	70	81	83	53	93	16	48	16	17	73	68	77	22	93	52	24	43	62	26	88	8	64	98	96	84	22	8	22	52	64	90	20	66	46	82	33	89	86
79	65	87	30	41	96	29	51	31	64	63	9	4	55	27	3	4	10	79	30	98	19	83	7	19	43	91	62	23	74	64	30	69	5	42	37	23	95	79	25	91	5	16	61	80	90	27	74	49	62	28	39	91	1	85	4	42	40	10	42	90	32	80	24	29	12	79	46	81	56	50	97	23	36	28	62	24	50	80	8	54	89	52	57	75	77	76	39	1	14	29	44	10	15	56	84	69	37	67	7
54	43	64	18	1	17	74	32	97	75	58	18	65	31	56	46	97	97	36	49	5	62	10	68	92	4	98	97	13	99	72	30	7	20	32	54	32	71	22	57	69	48	79	21	54	22	24	10	73	76	4	92	34	52	44	16	49	86	51	51	14	45	98	67	23	76	38	94	5	93	40	27	29	37	50	56	35	3	83	60	63	78	30	13	83	64	49	52	18	31	76	46	76	41	85	80	61	66	36	37
52	88	84	30	7	59	84	79	66	2	57	95	8	62	92	3	18	15	81	8	54	88	5	44	98	31	76	64	81	91	45	7	82	87	3	14	91	12	51	81	54	55	97	53	40	76	53	58	60	44	86	15	52	44	69	89	90	61	50	29	4	98	40	90	91	43	67	43	70	25	1	52	58	44	92	41	83	63	40	3	52	82	8	31	33	42	8	26	54	61	12	11	46	53	80	94	11	8	22	93
66	29	25	28	60	51	9	98	99	76	78	60	58	77	18	89	18	52	47	35	7	53	95	6	11	2	80	95	52	7	73	37	13	59	86	75	26	3	41	28	86	62	5	6	70	38	50	90	97	85	55	47	74	35	64	72	12	5	21	66	11	12	8	67	95	84	6	3	28	16	86	82	88	29	72	79	66	45	51	31	12	47	70	96	96	91	89	75	15	70	33	40	27	38	99	83	62	56	11	92

12	8	5
13	11	13
18	13	16
10	18	16

J1	0
J2	0
J3	187
J4	0
J5	284
J6	0
J7	0
J8	0
J9	0
J10	0
J11	0
J12	295
J13	0
J14	106
J15	0
J16	265
J17	248
J18	0
J19	0
J20	0
J21	263
J22	13
J23	0
J24	151
J25	0
J26	0
J27	88
J28	247
J29	0
J30	105
J31	225
J32	94
J33	0
J34	0
J35	152
J36	0
J37	0
J38	46
J39	48
J40	125
J41	309
J42	0
J43	182
J44	0
J45	0
J46	0
J47	210
J48	164
J49	0
J50	0
J51	0
J52	0
J53	0
J54	0
J55	0
J56	231
J57	0
J58	129
J59	323
J60	0
J61	0
J62	0
J63	0
J64	6
J65	284
J66	307
J67	0
J68	0
J69	72
J70	167
J71	0
J72	59
J73	0
J74	53
J75	10
J76	0
J77	0
J78	0
J79	183
J80	0
J81	0
J82	314
J83	0
J84	222
J85	4
J86	0
J87	0
J88	0
J89	259
J90	322
J91	0
J92	0
J93	0
J94	123
J95	306
J96	0
J97	0
J98	0
J99	0
J100	0

J1	651
J2	1544
J3	2518
J4	2340
J5	1811
J6	513
J7	623
J8	628
J9	911
J10	685
J11	905
J12	2698
J13	2283
J14	1266
J15	596
J16	1308
J17	1856
J18	1156
J19	664
J20	1403
J21	777
J22	727
J23	1492
J24	2709
J25	833
J26	2326
J27	538
J28	760
J29	2004
J30	429
J31	930
J32	2628
J33	916
J34	836
J35	537
J36	791
J37	2543
J38	2634
J39	1169
J40	2366
J41	813
J42	2070
J43	560
J44	2159
J45	2050
J46	1947
J47	1629
J48	2020
J49	327
J50	574
J51	758
J52	1841
J53	570
J54	1629
J55	857
J56	518
J57	1467
J58	1826
J59	890
J60	331
J61	1684
J62	477
J63	357
J64	1764
J65	909
J66	2875
J67	474
J68	2568
J69	2278
J70	1766
J71	775
J72	1713
J73	1321
J74	380
J75	2322
J76	810
J77	1619
J78	2205
J79	1054
J80	2215
J81	678
J82	948
J83	2113
J84	2178
J85	325
J86	1615
J87	779
J88	657
J89	1749
J90	2496
J91	975
J92	1930
J93	1952
J94	2593
J95	1046
J96	641
J97	921
J98	1960
J99	535
J100	805
