calib_20j_2f_10o_8s_4m_idx23
20
2
10
8
4
80	44	18	35	47	33	10	11	78	74	76	68	17	29	61	55	17	71	81	9
69	18	75	70	38	62	22	57	12	53	91	63	91	29	70	64	53	70	84	98
88	6	29	71	73	60	85	67	22	21	44	97	50	48	99	49	34	99	91	40
48	60	20	23	13	31	56	67	87	28	58	58	17	16	44	49	92	31	44	34
93	26	26	88	62	80	60	25	57	6	68	24	41	34	68	3	57	31	43	1
11	29	43	14	64	65	54	22	84	67	58	28	24	44	31	40	21	36	50	67
42	97	27	72	97	33	34	27	62	32	47	42	38	61	91	71	9	91	89	97
88	19	71	15	16	17	4	27	72	95	67	94	89	48	47	22	15	75	51	92
29	89	74	36	74	31	2	3	92	33	53	22	35	73	16	32	98	47	42	86
60	46	45	82	68	12	88	92	27	12	99	70	44	74	33	84	19	57	78	94

58	12	97	87	56	37	5	12	48	55	41	85	20	38	55	99	8	45	60	3
65	28	31	74	77	69	62	4	86	25	36	51	32	68	90	50	87	90	74	38
12	31	2	21	37	10	44	95	48	27	76	54	85	11	31	45	28	1	90	96
5	16	93	17	16	59	77	63	83	50	17	12	78	48	14	46	95	38	59	47
71	10	44	19	78	60	96	62	51	50	85	2	16	74	63	53	47	13	21	12
35	81	2	98	7	23	65	61	2	20	46	48	29	29	65	14	61	1	20	29
73	64	54	46	39	58	51	28	14	46	10	75	43	9	55	54	78	34	4	28
66	98	67	19	28	75	61	88	41	69	81	14	20	62	64	36	28	3	96	46

7	19	13	18
18	5	10	7

J1	0
J2	0
J3	124
J4	0
J5	0
J6	234
J7	152
J8	0
J9	391
J10	420
J11	100
J12	213
J13	0
J14	69
J15	0
J16	45
J17	0
J18	0
J19	74
J20	202

J1	739
J2	2535
J3	3107
J4	1498
J5	1837
J6	3187
J7	975
J8	2031
J9	1001
J10	2406
J11	987
J12	652
J13	2712
J14	3194
J15	787
J16	1877
J17	749
J18	2203
J19	584
J20	857
