calib_200j_3f_10o_8s_3m_idx31
200
3
10
8
3
5	66	62	17	36	11	5	1	47	63	32	64	28	97	49	71	62	64	52	80	83	3	59	35	20	43	95	55	78	81	94	58	5	35	42	45	40	88	53	24	91	38	23	90	21	33	96	94	21	52	76	28	91	57	21	91	72	70	50	84	7	15	61	11	25	97	25	14	52	18	41	63	18	91	63	22	34	67	61	74	43	27	73	47	29	94	94	97	58	13	42	83	83	69	60	53	3	75	81	23	29	78	50	49	98	90	11	18	41	91	75	4	88	30	93	56	63	17	9	78	75	5	43	11	68	87	25	32	39	21	54	71	72	72	46	72	65	51	85	37	12	43	17	93	83	54	81	58	19	26	50	77	14	26	2	21	8	27	44	18	83	91	95	55	40	67	94	21	99	15	89	15	88	45	1	8	71	59	90	27	97	16	49	32	76	28	84	16	53	86	63	40	7	6	34	2	50	73	76	4
54	33	61	29	91	69	78	66	98	66	22	50	66	80	51	50	4	77	95	48	12	96	94	4	29	63	33	71	1	47	31	57	64	69	97	72	69	78	66	36	98	61	55	5	12	45	58	19	36	46	31	33	73	49	74	57	4	33	51	27	96	12	72	94	69	47	4	2	92	88	91	88	34	62	23	66	53	74	58	61	78	7	55	31	93	89	6	79	99	57	23	77	92	67	34	95	55	67	97	1	55	61	32	82	80	10	70	53	81	92	29	7	52	94	52	3	38	24	95	84	45	15	49	80	78	35	46	25	3	14	34	49	84	19	80	7	49	68	28	57	67	36	34	17	88	35	26	42	57	10	31	97	39	50	21	1	77	52	10	83	10	15	2	48	58	98	42	46	32	3	64	48	46	26	68	4	84	34	89	99	99	45	5	84	12	71	79	14	29	43	28	11	18	22	30	83	13	42	13	30
3	25	88	95	13	65	35	90	55	14	27	49	94	20	89	77	13	44	44	35	97	89	81	78	88	28	87	34	61	5	71	47	28	56	34	42	12	2	1	64	23	94	78	17	67	58	75	13	45	97	68	71	90	16	27	74	26	14	40	45	51	82	13	40	67	61	45	94	29	10	21	78	61	97	59	88	9	87	60	49	6	56	87	91	20	63	16	59	43	81	49	70	95	48	64	3	11	88	35	31	71	12	9	57	72	18	32	48	26	79	56	41	17	88	70	11	9	1	61	98	8	82	16	39	54	36	62	47	95	51	94	5	97	96	3	52	25	14	91	82	98	43	78	85	11	3	40	85	26	20	90	60	86	78	22	9	18	41	53	41	98	95	97	85	66	53	31	11	65	44	42	14	49	28	77	56	31	86	33	55	40	63	44	24	15	34	51	69	60	91	6	55	86	12	97	75	76	89	83	53
41	28	97	77	95	54	75	17	97	4	1	10	39	82	25	61	19	74	83	46	61	27	47	60	92	39	59	26	84	35	64	64	59	63	73	95	72	29	31	44	59	12	13	3	34	76	58	71	61	26	59	96	80	92	42	64	84	1	56	30	69	97	75	42	53	73	50	81	58	41	36	89	57	62	37	48	30	50	76	10	49	96	48	64	55	19	6	53	99	23	84	31	88	92	15	34	67	9	50	37	81	76	17	19	58	48	56	81	45	22	43	98	97	4	35	33	75	40	26	6	37	85	45	41	82	14	16	93	74	26	30	64	36	96	4	35	20	70	31	85	4	38	96	85	55	91	45	26	58	23	93	52	71	88	98	24	90	92	22	77	90	7	75	1	75	3	27	46	71	20	58	10	64	17	30	56	22	31	63	38	78	15	4	35	61	56	97	86	20	49	89	27	32	29	95	68	74	41	50	88
53	49	20	64	28	36	84	27	51	9	8	43	19	16	96	42	90	12	57	72	6	56	7	92	18	81	69	42	36	72	52	12	34	88	17	39	47	44	25	22	51	53	82	79	82	92	19	79	13	15	67	16	44	70	23	33	67	14	99	47	70	45	63	7	72	72	30	31	64	5	89	61	97	41	69	33	53	48	10	84	47	23	48	56	85	61	74	7	43	67	88	56	94	92	81	30	14	13	40	29	97	43	72	22	15	2	13	29	59	95	72	38	26	29	29	41	1	97	98	23	97	4	62	84	15	49	39	5	42	27	45	99	34	21	74	5	98	46	56	68	77	42	55	23	30	16	14	8	17	4	62	66	75	11	11	98	85	73	37	49	14	21	8	9	7	31	87	69	77	39	8	59	79	89	99	36	53	31	29	31	73	35	45	28	41	85	87	39	23	19	50	39	63	87	33	36	90	99	65	76
44	68	44	26	69	88	86	59	66	62	57	32	1	65	26	67	37	58	16	35	96	70	69	15	90	46	52	6	69	19	93	3	19	29	9	10	96	35	60	52	32	46	56	98	61	14	45	32	27	21	91	23	23	44	60	7	53	48	4	37	80	36	69	31	3	1	73	81	21	82	1	66	93	66	51	24	88	56	13	63	73	67	18	9	29	96	66	74	67	94	45	61	41	70	28	76	54	27	89	42	85	80	41	98	59	99	28	41	42	8	41	51	58	67	89	37	16	3	28	40	64	14	13	86	70	45	13	75	75	61	53	82	79	49	94	50	4	1	12	83	71	54	75	83	64	39	1	56	50	73	26	25	99	39	3	94	14	75	60	36	72	39	33	34	5	33	48	63	5	45	81	77	93	46	22	47	82	69	75	57	58	96	82	94	37	48	86	99	45	11	27	53	10	95	22	35	30	14	55	45
22	61	29	88	82	38	53	3	14	79	67	58	56	16	73	42	33	65	8	97	77	39	23	26	53	23	33	24	73	31	61	43	75	75	79	27	47	76	22	5	7	94	14	63	98	49	40	36	60	7	16	47	86	2	65	71	42	80	30	39	92	30	65	77	43	48	50	50	30	24	68	60	59	2	41	90	66	8	88	26	64	48	38	42	80	5	87	66	97	84	53	58	38	40	4	98	69	64	12	34	55	61	20	12	39	36	90	64	45	96	71	48	59	19	10	4	58	56	21	28	27	42	14	11	77	90	85	8	74	22	77	81	34	43	55	72	99	29	76	14	57	71	9	12	97	19	33	57	98	58	44	2	27	47	49	35	41	30	79	86	84	20	87	16	68	41	34	88	55	11	33	6	25	51	49	45	90	20	57	57	62	97	62	52	98	25	50	93	48	50	75	69	36	64	25	57	3	90	65	17
50	82	24	20	77	22	66	14	74	52	77	70	4	30	64	90	37	92	17	74	98	49	7	18	64	10	47	46	25	15	27	34	89	3	12	19	45	27	16	79	96	60	30	5	77	31	87	32	31	51	88	21	91	60	92	93	9	45	51	25	38	26	78	36	1	28	7	53	17	28	39	73	46	41	90	98	91	31	80	86	97	67	58	33	37	52	25	1	80	24	15	13	91	73	39	18	18	25	78	32	1	21	3	53	3	16	62	63	23	58	94	48	13	15	2	62	43	85	93	69	51	45	8	76	99	65	48	51	25	15	1	12	13	77	40	52	61	77	34	66	9	85	74	9	76	14	52	83	78	70	51	51	7	43	55	9	70	48	41	66	6	79	48	84	33	21	63	74	47	67	31	38	80	86	86	52	82	13	86	64	86	61	77	87	14	99	78	12	48	10	47	86	26	82	80	95	31	34	54	79
80	90	15	64	70	20	30	60	65	98	54	38	58	13	93	47	91	62	75	96	95	24	55	55	16	5	95	81	25	44	75	74	32	17	2	25	74	11	77	93	60	7	80	96	72	62	8	77	54	64	55	11	80	38	2	13	61	62	27	59	6	10	60	69	83	67	24	53	19	38	69	50	70	76	10	65	74	89	20	97	49	83	52	53	18	10	6	8	4	95	20	70	66	3	78	69	85	4	9	96	60	45	31	60	61	21	49	8	85	49	28	74	48	13	37	74	23	83	43	22	19	61	70	58	31	72	63	19	88	18	41	94	51	5	44	4	26	37	91	27	63	74	96	39	24	77	74	18	86	10	12	85	37	82	85	17	38	87	64	40	85	55	74	19	14	99	30	37	21	26	51	95	91	4	45	25	7	43	29	12	57	44	57	38	77	6	1	73	96	82	31	33	23	88	80	62	63	64	52	10
73	13	95	79	30	93	17	88	28	44	29	54	77	24	46	3	21	15	8	62	49	56	92	9	18	68	24	76	30	67	10	87	23	3	73	55	22	85	29	76	22	54	78	72	73	60	63	24	93	76	17	98	32	34	68	12	95	23	29	92	33	93	71	11	69	54	33	41	90	27	20	64	78	77	46	23	46	10	26	97	69	73	73	86	26	85	76	4	52	9	42	58	29	63	45	10	84	92	75	50	31	69	74	26	51	12	52	51	47	91	83	83	50	77	26	12	85	43	47	96	75	50	76	50	64	87	21	58	42	73	97	91	49	49	80	60	81	41	95	45	92	87	21	7	14	78	47	41	18	76	84	46	81	97	11	36	64	51	60	30	10	32	30	93	79	58	27	81	33	60	8	77	87	7	35	93	16	66	42	21	68	36	29	24	47	31	86	94	18	79	97	42	39	50	94	2	59	57	46	23

47	68	56	76	88	50	48	92	39	25	33	14	65	11	53	48	7	26	78	13	11	43	4	58	45	81	48	14	27	64	69	94	36	23	53	39	2	17	23	86	55	85	3	47	16	4	85	51	36	11	40	48	30	28	48	17	94	66	95	72	33	19	82	85	95	21	86	62	32	1	20	28	48	71	86	33	18	22	46	89	81	68	32	74	12	83	2	66	31	78	55	67	4	42	65	62	84	86	28	76	55	40	85	39	50	56	19	84	94	1	47	38	14	54	94	46	66	38	64	88	44	70	39	64	53	86	61	68	34	55	59	53	94	13	76	72	33	11	66	62	5	76	7	56	24	81	61	66	25	7	44	66	96	64	3	76	71	93	95	91	26	72	39	84	94	65	65	59	54	28	72	17	32	96	61	34	44	49	75	17	74	71	70	92	66	15	36	64	66	87	27	9	19	58	30	44	46	91	39	43
20	26	9	37	63	49	83	79	29	66	8	86	59	95	1	79	53	91	52	15	10	13	86	7	77	76	17	13	66	43	79	36	87	9	29	6	78	91	65	85	79	60	6	22	30	15	86	34	90	72	70	13	65	42	63	39	59	94	70	25	80	20	97	58	15	91	96	15	44	52	71	54	11	26	46	99	58	81	44	87	38	79	38	86	23	78	6	17	7	56	81	5	53	94	61	7	62	1	75	23	26	32	59	42	97	59	71	44	83	37	32	25	41	18	67	21	88	83	50	95	3	12	86	8	53	75	6	85	78	37	62	28	92	77	28	6	56	63	63	52	52	72	54	98	62	55	18	44	70	93	18	85	95	62	15	56	40	83	30	1	99	88	84	85	59	32	39	30	24	70	6	85	74	34	90	17	86	92	24	15	61	41	59	86	22	92	27	85	55	25	23	80	61	92	70	49	72	72	64	92
68	42	55	74	78	85	61	68	13	92	12	59	59	75	43	47	32	76	62	69	54	19	33	1	41	70	47	89	83	3	58	73	80	30	21	94	7	28	53	93	62	93	3	59	23	3	83	45	97	24	6	12	66	87	32	57	58	27	9	18	20	93	17	12	55	88	21	56	50	41	81	94	74	34	99	31	22	34	90	19	98	98	17	33	23	15	16	68	5	47	33	87	92	89	38	6	11	83	13	5	9	80	21	51	37	18	8	40	2	52	31	97	46	6	69	28	26	24	14	56	83	82	71	37	42	94	87	80	70	36	65	63	42	6	34	72	86	15	44	52	41	69	87	34	27	53	65	5	64	3	21	68	11	13	21	50	32	10	77	8	83	2	11	77	69	63	99	92	51	12	73	88	83	28	80	45	6	13	65	41	53	30	53	49	36	35	95	80	6	86	8	83	90	45	42	66	67	42	98	24
3	51	47	49	31	36	41	95	19	74	17	87	64	78	33	40	17	60	33	13	36	67	15	82	43	88	32	49	96	85	49	55	7	86	73	86	11	65	48	46	81	45	32	21	79	53	70	96	44	64	82	87	70	7	5	34	14	33	74	28	81	65	25	84	78	40	83	61	71	81	35	76	86	67	81	96	39	25	95	42	19	96	17	69	19	32	26	55	70	23	63	58	71	71	49	83	2	38	87	10	55	94	32	60	66	2	14	63	7	62	45	85	47	85	56	81	67	76	22	38	3	37	69	65	76	20	92	25	65	2	77	79	93	54	25	32	8	52	96	56	84	85	66	7	29	51	45	77	51	18	27	56	82	60	22	10	67	45	23	59	18	10	19	2	54	96	27	20	30	55	43	19	22	77	7	84	99	53	79	41	18	81	46	1	34	17	33	28	32	95	55	82	67	52	37	65	34	83	78	56
31	78	17	10	39	81	72	56	64	75	29	37	24	4	53	93	37	41	25	87	3	68	25	36	50	45	84	89	38	6	84	71	4	46	58	76	41	87	30	26	66	76	27	73	14	59	11	85	2	42	83	52	42	86	44	48	37	51	92	35	30	33	25	58	34	51	92	54	26	90	23	38	30	14	36	25	52	98	56	79	82	85	2	79	94	58	99	10	93	10	22	70	21	95	73	96	41	40	2	41	17	4	10	19	33	38	98	9	18	6	73	22	48	14	89	89	17	70	13	55	60	69	82	2	14	72	6	35	52	13	49	46	21	28	97	77	3	52	64	21	83	54	66	79	86	42	2	37	87	22	10	90	79	17	75	43	65	28	62	18	78	85	42	10	5	9	73	25	33	9	86	1	69	93	14	87	50	82	69	56	72	35	73	85	65	36	44	71	24	32	60	77	1	24	54	8	3	80	7	6
79	94	18	22	57	30	78	11	34	71	96	72	63	38	95	57	22	51	27	77	15	84	79	72	50	65	6	15	24	35	10	65	47	70	14	80	8	97	88	37	31	84	57	96	63	92	73	67	82	81	76	51	41	34	63	5	43	54	11	88	21	95	58	82	93	43	47	71	45	64	8	75	13	19	39	9	93	44	22	48	71	55	77	99	52	16	30	45	52	40	32	24	94	62	79	78	13	39	11	64	64	29	58	28	89	93	73	2	87	74	26	5	98	7	82	60	77	75	93	87	69	63	36	59	39	15	12	14	2	76	58	64	91	25	30	41	78	60	63	84	8	90	65	12	94	84	58	35	70	88	25	66	65	83	53	26	2	31	17	58	25	48	99	86	75	69	41	21	35	20	91	7	91	85	43	58	16	62	1	11	44	61	14	84	45	45	86	76	67	16	79	25	10	64	50	64	54	67	26	6
41	75	85	11	80	34	96	46	19	97	90	99	77	33	70	42	11	14	69	79	23	25	39	82	43	57	23	72	76	81	19	97	14	47	39	73	89	26	26	50	95	14	35	4	38	52	82	89	86	36	69	90	45	96	60	4	32	91	93	67	19	36	5	93	80	71	60	4	56	70	80	97	49	4	45	34	82	49	7	63	90	8	20	80	12	22	19	57	64	61	37	25	71	67	32	49	93	97	29	9	53	12	95	92	43	91	1	91	46	24	8	11	3	17	30	36	7	73	78	45	46	63	81	70	88	42	39	35	54	83	42	42	94	21	56	87	47	39	62	10	72	5	40	41	4	31	78	65	19	23	6	2	43	89	9	38	1	87	10	24	91	98	73	72	19	22	64	96	56	40	23	1	42	49	22	3	9	84	18	56	87	80	88	8	76	95	63	35	50	90	70	6	73	11	38	76	18	96	91	74
89	99	3	63	72	63	49	12	87	82	9	12	40	25	53	57	3	71	6	27	54	44	90	42	99	84	8	13	16	63	4	62	29	99	14	24	87	30	48	82	40	53	54	68	81	10	97	48	39	77	71	56	28	12	53	67	39	21	41	34	94	74	1	24	28	57	44	52	65	30	96	37	66	6	70	14	79	89	54	17	28	29	24	21	65	56	53	56	78	90	90	17	49	70	62	40	97	75	65	57	42	61	97	4	27	11	5	56	90	30	53	11	32	12	97	69	73	61	66	13	39	47	52	52	81	61	30	91	34	82	28	93	36	55	21	7	93	98	65	88	20	87	73	7	23	19	19	26	23	55	20	26	8	96	38	2	45	47	14	15	51	77	9	64	59	11	90	66	73	54	6	25	24	34	37	67	52	98	10	37	53	87	33	66	64	35	65	80	41	18	54	57	86	78	37	2	39	51	79	45

14	12	8
20	18	19
18	16	14

J1	0
J2	428
J3	0
J4	86
J5	350
J6	0
J7	0
J8	0
J9	401
J10	0
J11	400
J12	0
J13	428
J14	188
J15	276
J16	408
J17	0
J18	146
J19	0
J20	395
J21	0
J22	223
J23	373
J24	424
J25	0
J26	234
J27	0
J28	377
J29	247
J30	270
J31	452
J32	312
J33	253
J34	433
J35	135
J36	45
J37	0
J38	0
J39	0
J40	428
J41	0
J42	0
J43	44
J44	0
J45	0
J46	0
J47	0
J48	17
J49	13
J50	324
J51	443
J52	298
J53	50
J54	0
J55	250
J56	280
J57	0
J58	100
J59	0
J60	0
J61	0
J62	0
J63	14
J64	69
J65	0
J66	281
J67	0
J68	0
J69	145
J70	333
J71	0
J72	117
J73	0
J74	364
J75	39
J76	0
J77	0
J78	0
J79	106
J80	294
J81	0
J82	0
J83	39
J84	0
J85	356
J86	0
J87	269
J88	0
J89	0
J90	0
J91	26
J92	390
J93	406
J94	0
J95	0
J96	0
J97	189
J98	0
J99	0
J100	0
J101	369
J102	75
J103	365
J104	0
J105	56
J106	0
J107	100
J108	0
J109	266
J110	0
J111	0
J112	0
J113	0
J114	0
J115	0
J116	0
J117	0
J118	402
J119	54
J120	0
J121	0
J122	0
J123	0
J124	0
J125	0
J126	187
J127	0
J128	56
J129	219
J130	221
J131	0
J132	69
J133	89
J134	0
J135	263
J136	0
J137	0
J138	436
J139	110
J140	246
J141	200
J142	252
J143	308
J144	0
J145	0
J146	0
J147	0
J148	0
J149	0
J150	0
J151	0
J152	329
J153	0
J154	70
J155	173
J156	0
J157	0
J158	271
J159	301
J160	293
J161	0
J162	0
J163	0
J164	0
J165	396
J166	327
J167	226
J168	243
J169	229
J170	229
J171	0
J172	6
J173	316
J174	0
J175	294
J176	204
J177	0
J178	204
J179	0
J180	0
J181	410
J182	199
J183	221
J184	0
J185	441
J186	0
J187	0
J188	137
J189	0
J190	426
J191	426
J192	0
J193	0
J194	392
J195	80
J196	0
J197	177
J198	210
J199	64
J200	385

J1	2529
J2	979
J3	3079
J4	1543
J5	1034
J6	2246
J7	545
J8	1144
J9	1287
J10	738
J11	2611
J12	994
J13	3052
J14	3150
J15	780
J16	1532
J17	2248
J18	909
J19	1938
J20	1106
J21	1585
J22	1133
J23	1355
J24	2720
J25	407
J26	771
J27	2993
J28	2750
J29	1018
J30	3531
J31	992
J32	1288
J33	3582
J34	3947
J35	3674
J36	1042
J37	3469
J38	1930
J39	2276
J40	942
J41	464
J42	425
J43	3097
J44	1500
J45	1077
J46	1889
J47	527
J48	717
J49	1204
J50	1918
J51	1576
J52	3230
J53	619
J54	2929
J55	2114
J56	2217
J57	1442
J58	3106
J59	1426
J60	3372
J61	739
J62	1360
J63	719
J64	1561
J65	546
J66	1171
J67	1923
J68	1216
J69	2974
J70	3898
J71	1533
J72	888
J73	749
J74	3254
J75	441
J76	1101
J77	1164
J78	1074
J79	1440
J80	1573
J81	714
J82	567
J83	2922
J84	990
J85	3296
J86	840
J87	3859
J88	3412
J89	585
J90	759
J91	1214
J92	1535
J93	941
J94	1391
J95	2120
J96	1470
J97	1098
J98	1013
J99	1305
J100	3177
J101	1835
J102	1920
J103	2990
J104	2289
J105	581
J106	1826
J107	2239
J108	2958
J109	1090
J110	595
J111	1435
J112	3365
J113	3569
J114	3111
J115	676
J116	1910
J117	3322
J118	1028
J119	1374
J120	1148
J121	2268
J122	3360
J123	2376
J124	907
J125	449
J126	657
J127	3140
J128	3622
J129	973
J130	2718
J131	583
J132	1362
J133	684
J134	2793
J135	1130
J136	3612
J137	1227
J138	3846
J139	702
J140	1155
J141	1521
J142	945
J143	948
J144	1992
J145	911
J146	2718
J147	2428
J148	3074
J149	1157
J150	3366
J151	3395
J152	937
J153	770
J154	621
J155	3697
J156	2890
J157	2238
J158	807
J159	3804
J160	3739
J161	576
J162	1277
J163	821
J164	985
J165	2317
J166	1211
J167	767
J168	688
J169	3135
J170	2482
J171	2343
J172	2639
J173	1043
J174	956
J175	1763
J176	2281
J177	1448
J178	1135
J179	889
J180	2802
J181	1063
J182	846
J183	1033
J184	733
J185	1789
J186	3528
J187	514
J188	735
J189	3419
J190	974
J191	2775
J192	881
J193	3139
J194	1201
J195	635
J196	1551
J197	2762
J198	686
J199	816
J200	3224
