calib_100j_3f_5o_8s_4m_idx9
100
3
5
8
4
92	33	61	41	53	88	89	24	9	22	39	12	80	48	45	56	31	44	98	13	87	63	55	79	26	55	35	25	98	83	95	30	9	61	63	92	90	80	31	27	71	8	24	26	58	71	47	96	82	35	59	30	39	77	81	71	78	44	68	37	81	61	10	51	90	41	79	11	27	5	64	43	35	55	28	25	77	89	45	13	29	89	6	32	99	66	4	1	79	54	72	85	22	98	26	53	85	48	13	6
82	87	83	94	56	98	42	28	88	1	6	76	69	91	17	52	49	77	32	15	77	61	13	37	22	76	86	9	54	82	14	74	6	91	17	62	41	86	93	88	96	5	68	37	63	96	34	95	7	1	72	59	15	56	6	95	35	98	15	40	78	59	37	46	86	4	37	89	25	50	98	3	39	85	61	98	35	86	96	88	77	92	37	3	58	1	81	11	36	69	59	77	19	84	18	85	75	79	26	83
37	98	57	9	40	97	93	47	5	84	46	90	5	62	5	14	14	14	73	28	3	86	71	29	53	42	56	28	53	91	14	5	56	49	8	42	8	31	76	28	39	44	78	19	14	24	22	16	34	48	25	37	62	65	52	23	2	74	65	35	7	43	42	30	57	12	18	47	66	78	22	25	14	3	49	5	33	79	97	18	72	51	16	60	18	97	53	34	3	11	90	69	88	65	8	42	66	64	58	28
84	60	89	79	72	26	69	38	66	61	27	28	2	92	21	84	6	84	54	4	60	81	72	62	96	24	91	55	38	29	29	48	77	92	98	67	2	70	24	1	57	23	93	45	47	17	78	10	29	54	53	78	97	91	46	32	51	65	61	74	6	47	12	7	64	50	69	82	86	68	10	54	92	70	43	70	12	71	71	45	93	85	64	48	81	12	25	84	8	32	79	42	16	29	46	44	68	12	76	58
79	79	60	57	66	90	94	6	26	76	58	31	22	51	23	57	62	83	59	57	79	40	87	81	45	42	17	14	95	22	57	98	42	36	92	83	14	43	29	92	29	46	42	36	57	53	70	6	15	76	8	94	17	80	7	14	60	37	72	7	96	67	85	38	94	80	67	61	69	18	42	82	36	88	26	33	16	77	8	17	2	76	24	42	29	70	10	16	84	28	25	12	77	28	15	17	87	65	4	14

77	83	11	89	40	6	53	4	42	3	8	67	39	7	34	60	24	66	12	62	1	75	4	86	43	20	12	44	46	16	34	94	43	60	91	80	38	61	23	78	36	42	60	18	26	27	45	50	44	32	45	53	64	95	14	71	80	27	57	75	96	33	99	35	93	81	12	10	85	11	53	94	47	41	71	18	87	14	95	11	4	49	77	27	46	52	74	66	90	20	40	90	33	26	44	24	74	55	29	40
65	25	23	16	86	67	12	19	8	62	1	65	98	71	99	73	53	73	30	74	21	47	70	45	67	75	21	62	46	99	67	22	23	39	83	78	17	33	52	34	18	63	56	70	61	2	99	78	99	39	24	26	55	4	94	64	8	22	40	69	68	36	46	31	61	41	19	39	21	90	40	21	83	94	2	31	98	57	52	77	29	56	91	28	93	58	4	16	9	74	44	2	93	43	21	99	28	46	49	19
85	30	33	75	99	86	40	88	77	5	39	6	27	13	61	9	84	21	97	12	22	44	19	66	1	12	83	93	90	5	55	86	93	99	24	43	93	7	97	78	63	46	62	32	6	54	25	49	54	15	44	23	80	39	80	73	13	62	18	38	36	79	19	10	17	23	24	92	60	32	75	82	62	41	84	92	7	57	48	93	35	85	48	60	58	54	18	31	2	53	39	99	57	24	20	12	36	79	1	91
69	63	9	98	50	20	72	47	25	61	95	77	86	68	46	12	96	62	31	69	22	55	28	73	2	18	66	54	78	81	1	60	48	66	47	23	68	44	32	51	2	33	16	94	10	54	31	4	79	70	63	67	11	34	43	35	26	32	20	85	28	17	58	24	43	87	60	45	29	80	21	1	19	65	29	10	95	49	3	29	10	92	37	4	76	22	99	52	96	96	50	41	58	72	45	12	93	45	15	73
8	97	27	29	26	74	75	69	99	31	61	54	42	34	39	93	11	64	30	21	43	84	95	91	82	97	54	52	32	26	33	73	48	6	21	77	98	86	72	3	37	84	54	52	76	78	36	41	56	28	11	25	57	24	85	59	54	24	11	47	33	78	90	38	39	59	31	45	17	13	56	14	8	63	59	98	15	46	90	41	67	47	67	77	38	96	73	5	65	45	69	13	60	73	36	85	18	31	93	65
3	6	54	69	40	76	31	3	44	99	34	41	77	33	95	40	57	73	59	76	24	6	76	19	97	52	52	22	63	62	92	49	15	15	96	17	68	4	90	43	84	2	65	96	82	13	67	43	20	92	47	7	2	74	50	43	47	21	21	9	39	57	87	97	83	50	67	16	82	53	25	43	57	21	86	60	53	44	60	36	33	90	44	29	17	36	81	55	60	50	33	35	24	37	13	58	81	10	73	4
81	77	42	13	34	73	57	41	42	49	83	13	63	43	78	55	83	95	12	68	37	13	41	49	24	53	11	96	27	78	15	68	51	36	42	74	77	58	66	88	74	35	7	60	38	7	30	57	35	1	37	38	94	6	71	35	87	75	82	56	6	27	57	48	33	7	53	2	38	43	50	1	89	58	58	64	35	95	82	30	39	45	30	29	5	37	61	28	20	77	25	85	42	3	14	4	90	69	5	21
30	55	87	90	51	18	54	40	68	96	28	49	90	91	54	24	21	10	45	67	45	28	23	23	81	37	56	23	84	30	28	21	92	51	72	15	69	82	37	41	9	62	62	46	40	57	61	52	72	10	49	98	23	88	97	85	78	29	5	81	35	19	8	61	68	80	17	58	69	61	61	94	91	47	30	43	74	37	56	5	78	76	35	40	3	27	63	4	46	25	89	88	77	82	20	38	2	98	78	30

12	11	13	14
10	5	8	11
9	6	13	10

J1	180
J2	0
J3	206
J4	140
J5	0
J6	40
J7	75
J8	0
J9	0
J10	0
J11	180
J12	255
J13	209
J14	265
J15	2
J16	0
J17	0
J18	305
J19	0
J20	179
J21	0
J22	229
J23	63
J24	0
J25	0
J26	294
J27	0
J28	0
J29	190
J30	0
J31	218
J32	0
J33	238
J34	148
J35	53
J36	245
J37	0
J38	0
J39	0
J40	0
J41	0
J42	263
J43	0
J44	0
J45	261
J46	0
J47	53
J48	0
J49	26
J50	38
J51	200
J52	0
J53	0
J54	0
J55	0
J56	0
J57	291
J58	173
J59	0
J60	0
J61	0
J62	0
J63	0
J64	0
J65	0
J66	0
J67	0
J68	196
J69	46
J70	96
J71	0
J72	70
J73	0
J74	0
J75	0
J76	0
J77	0
J78	122
J79	285
J80	0
J81	251
J82	0
J83	278
J84	245
J85	35
J86	312
J87	0
J88	0
J89	0
J90	88
J91	231
J92	315
J93	0
J94	0
J95	16
J96	282
J97	0
J98	0
J99	9
J100	150

J1	805
J2	727
J3	906
J4	605
J5	715
J6	962
J7	432
J8	1510
J9	1487
J10	968
J11	2325
J12	2303
J13	737
J14	901
J15	1420
J16	991
J17	2092
J18	737
J19	681
J20	2233
J21	2484
J22	904
J23	946
J24	788
J25	1095
J26	2543
J27	897
J28	2391
J29	769
J30	459
J31	2568
J32	558
J33	1778
J34	524
J35	380
J36	895
J37	315
J38	398
J39	340
J40	739
J41	668
J42	2417
J43	280
J44	645
J45	2557
J46	2476
J47	773
J48	1911
J49	653
J50	2489
J51	2250
J52	699
J53	669
J54	569
J55	510
J56	282
J57	1759
J58	2536
J59	2004
J60	987
J61	1761
J62	1669
J63	1597
J64	2291
J65	510
J66	1016
J67	1909
J68	2677
J69	466
J70	2533
J71	555
J72	2284
J73	374
J74	747
J75	849
J76	941
J77	1783
J78	455
J79	1201
J80	1928
J81	2760
J82	457
J83	2662
J84	2030
J85	1787
J86	1690
J87	1053
J88	2303
J89	2003
J90	1145
J91	697
J92	621
J93	641
J94	729
J95	2068
J96	2292
J97	382
J98	449
J99	2560
J100	2086
