calib_100j_2f_5o_8s_4m_idx13
100
2
5
8
4
97	40	32	69	9	4	81	26	45	13	21	34	65	82	50	70	30	53	37	6	81	3	76	19	74	7	18	7	64	57	43	11	82	53	70	59	20	73	74	92	7	55	6	23	98	4	30	71	81	51	32	38	2	20	94	3	86	95	34	64	14	86	51	75	48	70	80	91	43	98	18	65	99	58	19	22	69	5	52	38	77	98	55	60	96	19	7	43	37	48	31	63	41	95	7	38	81	89	67	58
28	97	47	86	50	39	90	14	40	46	23	50	59	58	21	2	13	65	64	20	99	89	51	64	39	57	7	83	8	68	5	55	6	98	34	85	7	94	88	99	46	85	21	76	57	30	71	3	47	33	58	68	32	45	55	4	49	26	50	89	89	31	80	97	88	18	3	75	87	45	81	25	32	21	99	96	51	28	31	87	54	77	76	12	92	2	99	43	6	79	77	16	38	77	30	43	93	69	73	91
69	89	76	25	26	26	91	82	83	96	45	77	17	16	94	15	38	36	40	72	84	60	75	21	93	29	30	3	91	11	90	10	98	38	58	57	34	75	81	69	60	50	30	5	51	48	41	90	34	46	15	41	17	73	65	3	37	57	60	61	61	66	81	88	40	61	49	27	31	9	41	8	6	35	63	90	18	85	81	52	96	86	44	29	90	85	52	25	6	42	21	3	73	20	46	7	49	39	71	47
76	90	3	2	40	17	11	10	84	26	31	87	21	64	20	64	34	68	35	57	99	1	49	62	75	58	44	96	92	59	15	66	14	78	99	2	21	70	37	5	3	37	70	32	3	76	19	29	1	53	44	19	68	65	46	88	46	54	48	10	89	8	61	99	44	43	83	66	81	39	71	89	91	74	97	73	64	92	32	53	88	76	16	80	14	90	2	80	89	15	75	5	35	17	14	88	88	22	25	29
98	54	52	54	87	53	86	96	71	91	4	66	13	8	10	6	55	16	26	89	80	98	24	53	18	15	24	75	46	68	90	28	57	80	67	31	43	1	42	63	46	32	2	55	44	82	85	71	45	29	90	51	91	76	12	68	79	47	51	53	78	84	98	49	99	81	79	87	53	27	90	67	69	37	77	12	2	20	92	6	55	51	50	21	51	94	82	11	31	90	27	51	3	33	96	91	58	99	19	15

57	40	68	42	87	78	32	59	50	31	62	35	62	20	82	19	89	78	74	33	80	88	7	41	21	79	98	60	59	30	36	9	99	25	56	65	11	41	48	35	92	27	41	19	34	66	61	11	72	50	96	45	57	91	90	42	11	16	69	93	24	94	24	46	32	4	65	62	84	55	49	89	9	94	5	98	97	1	2	82	9	26	27	96	26	27	51	19	39	99	49	28	60	21	1	44	22	80	29	26
25	5	19	10	13	57	51	95	50	47	22	99	84	15	43	50	15	13	21	72	1	5	85	49	8	87	78	39	40	47	89	41	57	10	97	67	49	83	32	20	56	80	70	53	97	63	82	20	23	26	37	43	43	7	33	78	74	7	92	17	46	79	58	79	93	22	79	47	65	17	84	9	55	93	82	60	9	10	39	64	7	23	34	85	66	41	60	64	4	65	59	56	59	62	27	98	79	2	12	91
95	73	69	34	17	97	17	90	58	53	56	13	19	22	21	54	10	68	24	65	28	21	98	48	14	3	46	57	36	3	19	38	58	62	60	70	11	96	45	10	70	61	13	65	50	70	78	68	83	19	88	5	45	82	75	77	31	10	96	35	56	55	24	5	62	5	14	3	96	91	13	56	88	48	92	36	66	62	77	16	69	20	37	69	30	12	78	82	76	58	94	49	78	89	87	97	79	99	62	70
45	96	6	32	40	88	56	60	18	28	77	76	19	1	46	44	10	43	97	54	76	84	92	46	23	7	87	18	2	8	65	11	29	10	74	33	54	28	11	83	88	20	39	25	13	78	56	12	37	91	83	50	24	96	35	90	4	1	57	71	53	57	57	73	14	76	4	54	80	68	44	5	21	52	40	5	43	83	33	80	53	23	59	97	98	94	54	30	48	91	32	6	43	55	4	2	62	37	49	58
2	63	95	4	97	79	40	57	16	56	27	13	51	36	42	22	33	2	82	22	28	27	98	19	8	49	23	96	78	46	60	69	90	82	26	13	40	71	48	17	35	20	85	85	88	31	41	85	94	12	32	85	12	83	99	45	99	85	38	83	36	92	88	51	19	3	16	56	96	94	98	95	32	17	72	87	15	9	12	73	52	98	77	68	49	71	93	48	76	74	1	22	66	92	50	5	86	15	29	87
4	14	3	35	30	62	1	24	48	79	85	20	60	54	58	71	4	36	73	54	74	3	67	67	68	8	47	10	80	79	35	90	46	88	23	18	71	91	96	91	75	96	77	94	23	65	14	34	73	98	40	4	33	87	10	79	18	36	27	46	22	41	38	1	34	94	52	71	18	16	20	85	95	3	92	3	96	26	52	49	9	80	51	82	74	65	46	48	15	89	44	80	40	48	3	62	45	13	10	17
21	85	76	57	89	37	69	17	64	8	36	37	79	39	15	62	21	62	64	57	70	48	7	43	29	54	87	66	20	6	80	23	9	64	72	77	91	45	74	56	89	73	46	88	80	8	11	69	81	22	5	14	75	27	77	57	41	16	17	49	63	20	21	13	19	84	69	29	72	95	94	83	88	18	22	86	82	44	60	11	47	25	76	25	12	95	9	95	61	64	47	7	22	52	50	74	21	71	71	23
50	34	42	26	59	11	34	77	96	31	24	5	84	47	62	62	11	66	4	93	19	84	24	89	6	30	99	83	3	23	66	17	50	82	44	27	37	71	24	83	25	66	21	11	12	31	20	6	92	3	79	37	20	39	20	81	4	58	21	55	52	20	26	76	44	13	14	9	32	12	49	82	82	41	48	95	95	64	14	68	99	7	11	61	72	5	99	98	88	15	38	59	69	20	49	67	50	2	6	60

9	19	7	9
18	18	14	9

J1	0
J2	143
J3	0
J4	0
J5	0
J6	84
J7	0
J8	231
J9	0
J10	281
J11	0
J12	184
J13	0
J14	0
J15	0
J16	0
J17	280
J18	0
J19	19
J20	0
J21	60
J22	0
J23	0
J24	131
J25	39
J26	0
J27	0
J28	56
J29	0
J30	0
J31	0
J32	120
J33	0
J34	237
J35	0
J36	98
J37	269
J38	122
J39	0
J40	288
J41	114
J42	288
J43	291
J44	44
J45	34
J46	0
J47	0
J48	0
J49	289
J50	244
J51	255
J52	0
J53	218
J54	0
J55	0
J56	0
J57	192
J58	175
J59	209
J60	0
J61	0
J62	0
J63	196
J64	22
J65	0
J66	98
J67	101
J68	81
J69	0
J70	122
J71	0
J72	0
J73	297
J74	0
J75	118
J76	0
J77	0
J78	244
J79	100
J80	0
J81	0
J82	285
J83	0
J84	86
J85	0
J86	0
J87	196
J88	0
J89	145
J90	0
J91	94
J92	0
J93	233
J94	252
J95	12
J96	293
J97	0
J98	241
J99	201
J100	9

J1	969
J2	506
J3	2071
J4	2554
J5	981
J6	761
J7	1043
J8	723
J9	566
J10	2370
J11	2302
J12	2233
J13	1721
J14	2280
J15	2087
J16	1527
J17	2757
J18	2169
J19	590
J20	1779
J21	901
J22	1834
J23	592
J24	1465
J25	2209
J26	2431
J27	1053
J28	1014
J29	532
J30	1951
J31	927
J32	1774
J33	1069
J34	639
J35	879
J36	2095
J37	2300
J38	608
J39	478
J40	909
J41	1174
J42	584
J43	2662
J44	827
J45	576
J46	688
J47	2020
J48	1383
J49	614
J50	2290
J51	685
J52	2159
J53	2444
J54	571
J55	398
J56	514
J57	1991
J58	2338
J59	1378
J60	745
J61	673
J62	771
J63	1014
J64	386
J65	1343
J66	2451
J67	2133
J68	1023
J69	366
J70	966
J71	699
J72	427
J73	1122
J74	1754
J75	913
J76	609
J77	693
J78	2494
J79	2143
J80	751
J81	415
J82	990
J83	654
J84	429
J85	321
J86	432
J87	804
J88	721
J89	2529
J90	630
J91	1827
J92	2433
J93	932
J94	1000
J95	2098
J96	838
J97	881
J98	2017
J99	1829
J100	786
