calib_100j_4f_10o_8s_3m_idx46
100
4
10
8
3
28	21	28	6	79	56	77	36	54	71	64	59	19	18	31	29	1	10	84	44	46	46	33	33	83	70	4	62	84	47	63	63	42	18	69	53	78	68	44	56	7	17	44	92	47	65	88	39	27	25	43	91	28	87	48	39	52	74	11	34	83	88	43	75	88	23	89	62	54	16	23	87	75	37	87	74	69	87	10	86	2	12	95	61	63	71	44	70	86	1	53	10	54	87	72	21	86	77	36	65
80	1	73	69	51	2	35	37	12	81	34	99	14	42	86	43	10	55	16	68	3	57	22	72	48	88	59	26	80	89	6	6	96	47	59	5	1	10	12	7	17	39	20	25	49	11	42	22	34	62	5	50	89	68	95	40	78	40	55	78	54	71	1	6	96	60	72	39	3	47	58	27	6	66	71	42	5	64	69	29	26	47	68	11	76	54	80	80	11	89	70	31	15	31	94	39	36	97	48	62
10	93	39	86	97	4	72	48	92	49	98	29	66	23	38	56	67	70	25	67	34	1	16	28	18	60	82	93	6	40	20	51	67	84	69	84	28	23	44	37	40	7	35	73	80	14	31	99	14	29	90	50	54	4	90	97	90	20	3	38	19	98	47	5	86	26	1	31	75	23	80	27	52	68	98	8	93	85	93	67	33	65	75	5	37	58	48	40	86	12	34	55	79	27	78	93	37	4	90	9
70	80	32	5	90	62	97	78	70	44	19	18	19	13	97	93	73	34	84	99	15	94	23	81	62	44	4	79	41	28	41	35	33	38	8	34	38	25	91	52	91	90	64	62	84	47	16	74	80	56	50	31	28	16	31	86	18	19	46	9	30	83	76	60	24	4	19	10	97	35	74	13	70	43	63	52	10	50	10	61	62	49	84	64	65	59	82	93	24	23	19	7	24	90	70	62	8	54	27	82
5	96	82	32	91	29	40	55	80	94	52	87	85	13	7	22	83	78	6	37	32	65	50	51	24	33	38	36	31	11	12	19	57	31	72	71	94	56	93	51	3	27	86	20	77	56	47	19	73	76	11	48	58	67	29	71	25	30	82	76	49	50	81	3	95	19	30	98	25	99	39	12	41	16	82	68	93	32	24	95	19	58	83	37	56	87	18	32	10	64	65	37	46	7	14	10	22	8	77	98
27	22	96	29	15	60	91	86	77	51	84	23	47	27	56	70	79	30	2	54	19	29	23	65	50	44	8	15	24	7	79	42	44	93	93	79	14	76	24	15	65	30	2	78	47	6	8	22	24	90	26	68	75	35	85	19	75	84	77	60	48	61	64	27	54	20	67	25	89	94	25	9	61	94	14	50	72	9	81	62	7	20	50	54	30	81	84	4	44	54	75	64	7	35	47	35	38	9	30	95
36	28	21	66	12	74	15	14	24	23	83	60	57	30	24	96	49	65	52	52	3	21	51	70	12	24	87	69	42	73	28	44	56	49	47	35	54	42	31	20	57	99	45	19	36	35	19	75	49	62	84	41	91	63	11	55	76	66	96	74	87	89	92	33	26	17	76	2	58	69	87	18	33	74	35	58	33	69	47	38	78	22	22	89	99	5	65	26	61	14	98	7	25	60	84	26	13	72	62	97
7	41	73	38	43	21	12	38	72	27	51	22	71	50	19	42	87	74	61	4	47	2	21	62	37	13	48	88	6	98	71	84	52	17	20	71	13	78	2	17	60	33	36	8	17	30	10	58	14	77	93	40	35	97	85	60	65	76	15	11	48	60	55	81	22	29	47	99	4	26	68	6	45	38	58	96	86	80	42	94	77	82	21	94	20	9	3	9	8	13	14	96	11	55	29	2	98	42	29	66
60	93	50	18	80	96	82	81	4	10	89	18	94	12	81	51	55	16	6	67	45	17	18	82	34	76	56	89	48	40	31	62	94	56	95	53	59	10	22	29	94	94	4	91	88	58	51	62	11	68	90	28	25	67	3	72	14	75	65	55	45	73	1	7	4	19	38	17	23	73	47	86	41	39	20	42	96	23	40	67	43	1	98	25	18	17	33	64	77	84	36	74	49	40	49	41	32	31	26	97
61	87	4	9	61	76	91	60	59	66	92	5	32	89	38	71	3	26	44	28	1	81	64	58	48	82	61	38	65	12	37	57	7	24	29	49	41	83	8	70	12	73	6	15	38	11	65	72	39	72	85	87	74	26	19	67	16	17	45	86	21	66	38	33	65	35	21	45	56	62	97	74	9	53	79	38	88	14	92	55	61	18	99	66	7	99	40	62	62	95	4	93	56	72	67	99	6	5	98	9

9	71	27	82	78	95	48	73	60	45	50	39	36	50	91	88	6	44	65	76	85	35	27	30	68	33	82	22	47	13	34	64	83	26	1	92	32	29	27	3	47	25	51	45	73	36	45	7	26	39	51	9	34	36	26	9	96	92	24	39	68	88	82	35	79	41	15	68	52	24	25	44	78	96	76	23	62	14	10	21	69	85	34	75	13	43	16	24	79	38	56	82	91	98	42	98	82	59	44	51
21	86	12	28	46	79	81	58	96	63	87	58	65	42	80	30	59	68	4	74	20	60	22	5	74	55	50	15	72	75	27	35	61	63	73	2	71	3	79	45	11	3	23	76	30	43	9	19	50	9	37	1	90	60	79	91	92	99	38	45	71	24	52	16	61	10	85	69	79	40	65	28	55	6	21	65	46	51	31	69	53	20	55	56	97	81	68	4	96	31	28	73	75	10	70	89	88	86	86	97
37	11	99	78	80	80	22	66	42	76	31	25	47	24	31	73	80	10	8	19	64	46	38	73	23	35	47	3	31	23	15	99	94	46	40	60	18	17	65	63	53	85	27	39	56	31	24	23	34	30	78	49	89	88	85	43	80	74	35	44	76	66	56	73	10	87	36	51	25	97	42	27	58	21	31	54	10	18	65	7	83	11	8	50	21	16	20	13	56	97	15	97	62	28	95	71	40	51	88	97
37	44	23	51	69	67	8	73	42	49	29	38	11	62	16	62	64	50	27	44	94	14	81	70	29	47	64	17	32	67	65	91	34	64	47	80	44	67	59	67	52	6	56	86	76	18	50	17	22	70	22	66	55	9	67	4	55	13	41	18	22	81	28	39	1	72	3	4	30	52	95	42	65	37	81	3	40	63	48	60	19	21	14	42	63	94	12	45	6	37	44	42	98	6	55	12	62	38	97	9
48	95	72	94	3	1	18	28	21	71	91	86	83	22	99	51	11	95	17	8	44	56	14	40	18	20	76	88	77	49	15	5	97	77	54	58	99	30	18	85	28	3	43	71	56	29	62	19	26	13	57	97	78	26	48	36	88	28	63	16	25	51	69	8	93	98	95	15	24	37	7	31	43	99	39	1	93	69	85	8	76	84	67	59	66	35	94	66	23	77	71	39	42	90	30	62	67	12	54	98
65	59	71	84	78	54	67	96	42	43	99	53	65	4	64	46	13	5	24	72	66	22	82	97	54	98	21	53	38	40	39	48	63	40	58	73	45	22	25	94	72	13	49	63	67	92	37	70	20	60	91	91	27	97	89	27	47	47	41	94	6	8	19	40	47	86	92	43	91	50	51	5	42	95	38	7	10	3	30	14	43	74	65	65	27	52	95	67	51	36	13	82	91	45	64	30	46	83	95	55
44	14	24	77	92	46	66	55	5	78	38	72	59	57	18	14	98	75	94	92	80	72	64	10	1	73	81	64	92	89	86	77	82	21	79	84	57	78	46	51	23	32	45	74	23	3	40	36	36	86	17	65	65	71	9	60	93	70	35	5	19	41	86	70	49	84	63	32	61	64	7	54	7	75	19	60	2	32	15	13	46	80	74	28	83	90	49	9	87	95	75	44	8	43	34	55	78	87	30	30
45	73	43	28	55	34	90	21	91	29	67	88	73	44	17	95	61	38	82	90	97	11	76	82	71	14	85	54	90	63	90	73	61	3	90	32	88	53	60	78	99	39	28	68	69	82	63	55	24	3	71	15	66	75	2	16	18	19	96	41	25	21	31	86	54	58	33	49	28	50	34	65	97	86	86	39	78	85	59	55	54	29	85	67	76	61	82	36	80	98	95	75	46	57	8	8	2	36	85	30

10	13	18
8	5	17
12	20	16
6	5	15

J1	66
J2	0
J3	164
J4	0
J5	379
J6	28
J7	0
J8	0
J9	0
J10	170
J11	0
J12	0
J13	137
J14	0
J15	0
J16	331
J17	9
J18	0
J19	0
J20	0
J21	0
J22	0
J23	0
J24	0
J25	248
J26	0
J27	0
J28	0
J29	0
J30	0
J31	328
J32	73
J33	390
J34	296
J35	0
J36	233
J37	0
J38	0
J39	0
J40	0
J41	92
J42	0
J43	127
J44	0
J45	0
J46	45
J47	0
J48	0
J49	0
J50	24
J51	211
J52	98
J53	78
J54	102
J55	0
J56	0
J57	0
J58	231
J59	60
J60	124
J61	0
J62	179
J63	261
J64	0
J65	0
J66	0
J67	0
J68	366
J69	0
J70	115
J71	0
J72	166
J73	138
J74	299
J75	427
J76	236
J77	0
J78	13
J79	151
J80	373
J81	0
J82	0
J83	0
J84	0
J85	202
J86	0
J87	0
J88	243
J89	0
J90	0
J91	81
J92	235
J93	0
J94	0
J95	54
J96	0
J97	171
J98	0
J99	424
J100	371

J1	3422
J2	638
J3	1670
J4	758
J5	1368
J6	1448
J7	749
J8	558
J9	2509
J10	794
J11	591
J12	1084
J13	2732
J14	1908
J15	1490
J16	1164
J17	1123
J18	3237
J19	3315
J20	562
J21	3533
J22	2903
J23	3532
J24	738
J25	3182
J26	1022
J27	832
J28	1569
J29	1009
J30	1852
J31	3595
J32	730
J33	840
J34	2739
J35	508
J36	754
J37	1422
J38	3000
J39	2847
J40	2934
J41	3222
J42	2397
J43	2655
J44	407
J45	1110
J46	3435
J47	2900
J48	3112
J49	2848
J50	1172
J51	842
J52	1507
J53	668
J54	1096
J55	2026
J56	720
J57	1008
J58	1258
J59	1034
J60	3675
J61	2709
J62	729
J63	1471
J64	1938
J65	388
J66	2991
J67	1563
J68	3466
J69	2511
J70	650
J71	1471
J72	2991
J73	2153
J74	957
J75	1451
J76	3518
J77	540
J78	2873
J79	2849
J80	1683
J81	1972
J82	3229
J83	688
J84	704
J85	1402
J86	508
J87	1327
J88	3542
J89	792
J90	495
J91	1498
J92	711
J93	1027
J94	2448
J95	606
J96	3046
J97	2908
J98	2770
J99	990
J100	1000
