calib_20j_4f_10o_8s_4m_idx37
20
4
10
8
4
17	20	71	93	20	93	98	8	13	87	3	35	60	72	29	69	91	66	74	9
82	8	51	89	75	3	80	4	92	95	10	95	57	40	35	49	98	77	43	71
60	26	3	93	93	3	87	12	63	50	33	42	7	3	47	14	19	70	24	10
14	23	59	21	56	6	80	64	76	37	21	18	5	19	35	20	54	78	87	20
99	5	3	73	88	68	80	51	47	92	58	26	56	67	12	25	73	35	82	12
47	75	7	24	65	19	57	10	17	78	55	33	20	85	40	85	87	54	4	60
25	16	92	47	5	44	80	37	96	95	44	3	87	91	11	75	47	34	89	28
64	87	58	97	73	64	79	8	71	82	49	16	89	85	63	92	72	18	48	10
16	5	57	89	42	35	22	74	63	26	53	58	11	68	96	62	46	6	73	88
45	29	94	55	71	46	8	64	34	9	2	79	29	56	4	55	58	44	83	75

23	93	40	42	93	35	75	90	50	3	33	87	94	40	83	54	39	51	90	38
3	99	84	80	65	64	30	89	97	96	67	20	2	38	74	78	99	79	26	67
3	67	36	80	1	41	65	79	27	78	8	96	99	40	73	16	28	54	79	40
71	23	39	46	64	61	7	68	38	40	43	12	58	61	69	3	83	96	2	35
32	82	47	56	11	21	15	92	58	61	8	27	2	18	41	29	10	27	89	68
16	50	4	73	70	16	91	49	6	35	8	90	25	16	49	5	61	97	12	51
24	88	78	69	79	89	5	93	57	88	60	61	39	25	58	10	22	28	78	56
83	84	70	73	9	75	95	48	91	77	1	70	77	46	18	31	44	50	65	95

17	20	8	8
8	20	14	14
14	10	5	11
5	12	7	7

J1	0
J2	322
J3	0
J4	198
J5	135
J6	343
J7	339
J8	97
J9	227
J10	0
J11	0
J12	0
J13	317
J14	202
J15	77
J16	0
J17	383
J18	0
J19	181
J20	0

J1	2115
J2	2651
J3	994
J4	1029
J5	1220
J6	3008
J7	1246
J8	866
J9	660
J10	785
J11	2937
J12	1482
J13	3613
J14	1512
J15	1904
J16	2739
J17	845
J18	914
J19	698
J20	2833
