calib_100j_2f_10o_8s_4m_idx12
100
2
10
8
4
57	20	93	11	77	40	39	57	42	90	84	58	84	43	48	31	59	86	77	94	84	7	53	71	35	40	13	48	7	51	11	39	50	28	83	97	34	70	77	65	86	64	88	6	20	66	44	86	59	82	32	67	54	81	67	92	92	18	36	76	47	83	55	66	96	1	8	5	20	89	74	84	37	78	43	77	74	79	1	40	65	72	32	99	70	53	71	46	50	78	38	91	94	27	6	73	11	88	28	86
45	61	49	79	62	54	13	70	80	74	72	17	39	84	62	79	47	75	61	51	14	94	50	73	96	89	22	1	51	36	69	31	88	92	44	15	26	74	77	40	65	96	48	22	12	55	59	86	67	74	37	51	76	90	36	87	33	19	44	29	81	59	2	13	66	29	62	13	91	41	26	91	60	37	5	22	29	70	57	14	10	5	3	45	38	6	1	65	62	68	30	63	18	86	87	12	27	80	83	24
69	87	6	41	4	36	2	31	57	67	17	91	6	18	17	22	41	63	40	84	29	41	3	26	24	65	53	26	71	54	67	44	16	59	28	80	35	62	92	96	19	90	55	44	77	57	43	51	89	28	7	83	75	65	14	66	35	33	6	53	38	92	7	23	99	17	45	63	50	43	58	12	21	50	86	28	30	94	76	3	63	45	77	17	26	89	43	26	58	24	91	28	41	28	81	17	65	27	13	33
8	32	12	41	64	33	44	2	38	56	21	76	95	71	80	52	68	50	94	38	18	93	11	95	55	74	22	78	76	74	26	60	15	73	70	86	57	53	75	63	15	19	62	9	27	64	30	48	58	86	76	57	82	93	10	1	43	7	48	24	86	62	76	58	44	15	46	21	28	76	57	64	6	81	92	7	6	8	85	95	65	41	90	27	58	42	87	63	74	26	56	53	91	21	81	5	72	25	98	69
98	72	96	12	42	62	20	16	63	44	66	74	74	36	46	48	22	17	34	60	62	71	52	79	48	52	79	23	82	90	64	62	89	69	61	26	64	54	82	46	35	7	99	35	36	49	9	33	88	21	30	61	34	27	63	4	30	24	69	77	70	86	25	11	85	60	70	40	86	36	50	28	77	47	42	36	23	48	10	40	39	35	29	42	66	37	30	76	92	64	72	55	80	50	37	13	74	63	30	80
32	99	79	89	70	19	35	54	70	97	64	32	25	11	87	67	86	87	32	78	78	36	4	6	62	18	73	41	22	47	79	72	53	55	81	44	77	32	87	65	16	88	77	3	91	41	39	99	95	58	86	13	44	17	47	7	65	43	38	46	6	8	56	45	79	63	61	50	44	20	5	87	61	41	67	5	23	64	69	61	74	99	21	50	1	58	37	28	48	97	99	67	40	12	24	94	51	92	17	45
64	5	36	15	63	11	70	86	2	23	83	40	88	52	31	94	92	75	37	66	19	28	87	56	8	39	22	52	34	50	43	12	23	28	7	86	70	49	18	79	45	74	12	85	44	10	61	95	97	91	12	2	23	87	69	10	41	87	85	86	70	32	69	37	34	83	17	75	62	26	67	74	35	64	4	46	68	96	80	41	83	75	2	7	62	89	57	96	24	70	88	46	46	46	4	71	23	29	69	15
72	64	40	52	82	25	52	45	26	39	85	20	11	95	16	73	32	29	11	96	50	72	17	27	39	17	31	16	64	4	95	95	81	61	40	40	43	8	13	59	82	85	59	97	77	83	76	32	91	61	18	9	44	65	4	95	55	47	27	46	30	50	24	96	85	53	43	45	71	62	81	66	18	43	47	22	59	18	69	61	47	89	38	35	96	92	1	85	86	78	74	84	71	25	39	8	25	35	3	86
41	72	63	3	26	95	53	58	68	90	98	29	86	59	3	17	42	42	24	46	62	25	65	87	10	57	16	41	52	63	49	60	11	98	17	88	69	52	51	48	8	54	65	13	60	13	12	11	61	39	32	56	13	66	91	22	94	45	89	54	2	24	71	11	3	13	98	96	1	32	84	93	29	78	77	34	20	19	43	64	17	90	32	93	28	32	49	53	72	96	47	97	2	11	33	55	53	1	52	40
32	16	21	15	30	63	41	23	90	51	33	93	56	13	9	11	12	92	62	36	47	77	45	68	29	72	35	48	12	58	97	82	39	48	56	8	70	2	90	40	28	69	48	89	85	50	88	99	63	2	75	11	26	20	91	45	22	52	31	85	76	36	75	14	61	71	39	67	71	45	52	1	91	16	90	13	43	10	99	9	58	30	39	38	13	90	8	88	93	35	76	76	98	64	19	52	48	60	62	44

7	92	57	84	7	68	94	22	83	46	93	28	16	78	54	9	58	10	46	38	61	10	21	21	48	52	47	84	6	80	80	94	51	21	81	54	43	96	89	49	67	34	51	15	62	39	51	39	68	19	47	61	13	22	32	26	93	97	55	68	82	50	42	11	16	80	58	34	50	16	58	20	67	92	77	73	1	6	13	80	89	69	67	3	39	71	54	44	75	15	74	29	86	15	89	28	65	54	17	7
67	51	29	51	56	70	4	16	89	82	52	73	35	29	53	21	75	57	15	8	98	20	69	95	95	50	63	7	36	35	84	52	61	78	65	52	59	24	40	26	54	97	57	22	96	90	66	77	26	74	21	78	18	90	80	14	30	45	67	95	80	83	26	56	61	21	68	57	12	79	35	68	26	29	98	61	43	43	89	28	85	64	39	82	22	78	81	13	35	53	51	58	64	20	8	28	10	85	70	54
75	89	69	66	41	66	63	91	8	30	87	19	13	3	6	33	12	57	81	92	80	57	70	33	83	44	10	22	64	98	74	27	15	61	85	42	67	53	73	55	42	92	98	17	55	20	17	87	77	13	54	56	17	14	11	55	67	12	64	67	50	46	44	78	65	26	61	90	69	10	60	28	85	75	46	79	76	42	38	17	96	77	86	56	78	59	91	38	23	37	74	94	56	39	48	65	12	95	94	86
33	22	21	70	86	98	79	92	48	69	6	83	91	23	20	69	83	91	88	35	41	95	54	6	64	80	78	55	41	42	97	18	74	8	3	35	56	76	49	48	26	69	37	9	13	51	52	38	92	58	53	61	8	13	41	64	99	73	58	22	50	2	61	46	68	8	74	93	88	30	99	76	93	33	88	29	27	81	62	87	1	69	61	74	99	74	44	13	44	10	30	69	8	52	29	96	2	12	13	99
92	66	96	70	84	97	58	59	50	74	11	44	91	41	50	61	97	87	52	94	70	5	20	34	72	3	92	74	32	36	47	23	12	56	1	22	25	97	96	92	99	38	66	65	47	50	90	98	19	28	34	10	6	18	51	58	24	15	88	88	39	49	38	22	75	39	71	97	25	14	38	29	94	26	19	47	71	77	35	71	3	13	19	44	96	46	19	86	44	82	63	57	14	72	84	9	81	80	64	62
72	83	85	40	14	83	75	62	53	98	34	96	68	47	34	49	33	33	99	16	29	63	71	98	13	15	82	24	60	74	11	28	40	58	90	54	2	48	80	78	39	8	93	15	60	31	94	81	99	56	14	56	43	17	34	48	84	62	87	7	62	74	78	67	78	55	22	49	29	88	94	97	68	99	90	77	27	44	51	82	74	28	80	81	50	46	80	22	60	89	77	54	68	40	53	7	81	59	34	13
43	30	40	2	23	22	95	49	37	27	94	77	96	52	6	74	43	78	28	93	35	27	87	21	41	93	41	3	6	99	32	95	81	89	16	26	65	93	82	65	69	21	94	6	1	92	72	35	66	55	98	50	67	3	85	8	9	49	8	89	9	8	34	74	6	60	40	12	93	32	55	16	97	25	87	38	81	62	19	99	21	31	8	94	78	9	98	26	20	45	59	39	79	16	70	50	75	94	80	77
35	14	49	10	39	46	2	45	65	60	13	94	67	22	71	63	15	61	41	99	44	47	7	49	16	56	30	38	43	95	89	37	79	30	89	77	93	21	98	27	12	82	59	28	82	38	15	69	68	51	50	60	42	54	63	83	42	30	36	64	23	33	80	15	21	13	47	34	22	49	73	67	79	46	55	38	94	18	14	97	25	60	35	97	47	54	96	58	65	96	57	35	73	81	71	6	36	67	9	10

14	7	14	11
18	15	14	10

J1	0
J2	0
J3	113
J4	436
J5	190
J6	0
J7	59
J8	140
J9	355
J10	0
J11	0
J12	0
J13	262
J14	0
J15	291
J16	0
J17	0
J18	0
J19	398
J20	83
J21	0
J22	0
J23	385
J24	0
J25	386
J26	0
J27	286
J28	0
J29	188
J30	0
J31	305
J32	0
J33	0
J34	211
J35	0
J36	119
J37	0
J38	416
J39	328
J40	3
J41	0
J42	169
J43	338
J44	0
J45	0
J46	429
J47	429
J48	0
J49	0
J50	136
J51	0
J52	40
J53	0
J54	0
J55	368
J56	178
J57	91
J58	136
J59	0
J60	143
J61	0
J62	77
J63	0
J64	160
J65	353
J66	0
J67	0
J68	182
J69	152
J70	0
J71	0
J72	0
J73	378
J74	427
J75	145
J76	90
J77	51
J78	0
J79	103
J80	0
J81	340
J82	0
J83	33
J84	0
J85	427
J86	414
J87	36
J88	351
J89	0
J90	0
J91	292
J92	199
J93	0
J94	183
J95	291
J96	0
J97	0
J98	211
J99	0
J100	463

J1	1034
J2	391
J3	1143
J4	2955
J5	3567
J6	428
J7	3437
J8	2771
J9	1097
J10	1096
J11	643
J12	861
J13	831
J14	2972
J15	3440
J16	1919
J17	1217
J18	849
J19	1810
J20	664
J21	1011
J22	2731
J23	3515
J24	881
J25	3884
J26	1346
J27	3440
J28	2680
J29	2783
J30	451
J31	934
J32	2722
J33	2801
J34	737
J35	1536
J36	924
J37	2083
J38	1972
J39	1231
J40	677
J41	3542
J42	826
J43	1132
J44	3316
J45	1032
J46	3107
J47	1474
J48	763
J49	598
J50	1795
J51	3056
J52	3633
J53	3576
J54	2975
J55	1486
J56	2693
J57	1083
J58	3506
J59	954
J60	750
J61	1401
J62	2548
J63	2089
J64	2899
J65	1092
J66	3127
J67	1208
J68	2909
J69	1027
J70	2702
J71	684
J72	872
J73	811
J74	1414
J75	623
J76	2908
J77	3476
J78	2567
J79	1277
J80	628
J81	1815
J82	554
J83	3679
J84	635
J85	1150
J86	1133
J87	1685
J88	2743
J89	623
J90	765
J91	758
J92	834
J93	783
J94	2388
J95	2727
J96	2281
J97	3595
J98	991
J99	2950
J100	2957
