calib_20j_3f_5o_5s_3m_idx47
20
3
5
5
3
1	11	64	54	1	17	26	64	83	87	33	7	18	12	77	44	97	45	59	34
15	69	30	16	81	95	5	24	82	18	84	73	81	13	20	90	86	35	67	39
40	34	8	39	81	18	9	23	7	15	64	58	57	40	39	17	13	77	76	17
3	32	62	25	36	97	7	87	77	54	37	85	15	2	61	16	91	25	61	90
58	49	62	10	84	43	95	45	69	62	77	52	40	42	11	62	68	43	86	66

9	46	13	72	29	70	67	27	17	66	30	21	23	29	68	32	28	50	87	51
59	22	66	69	82	17	95	21	13	5	72	98	46	5	58	66	68	3	6	82
40	75	55	40	79	31	8	2	87	8	5	91	19	1	43	89	88	34	50	25
43	98	53	31	82	59	25	29	19	78	8	45	97	83	95	78	85	76	87	19
92	14	51	79	66	7	89	79	30	47	24	64	13	19	50	94	75	37	81	1

8	15	20
17	20	10
8	18	7

J1	216
J2	70
J3	0
J4	83
J5	0
J6	189
J7	155
J8	162
J9	93
J10	0
J11	121
J12	0
J13	0
J14	0
J15	21
J16	115
J17	0
J18	0
J19	0
J20	9

J1	2080
J2	1163
J3	1094
J4	737
J5	303
J6	985
J7	1802
J8	1899
J9	467
J10	567
J11	561
J12	268
J13	1741
J14	1538
J15	349
J16	388
J17	793
J18	1531
J19	371
J20	1394
