calib_100j_2f_5o_5s_3m_idx49
100
2
5
5
3
46	17	93	95	12	1	94	64	82	79	98	5	45	37	12	61	72	1	17	12	54	44	80	37	17	71	94	89	71	19	22	86	21	30	54	53	51	76	66	15	86	33	96	20	52	2	5	57	13	58	31	93	72	4	69	83	64	26	57	38	91	69	24	98	68	21	20	29	53	2	8	5	39	77	68	35	14	21	61	42	99	26	18	51	13	67	6	3	76	38	76	92	98	48	30	36	28	65	71	42
65	20	92	41	26	18	79	4	28	36	84	62	78	87	78	22	50	56	17	37	60	25	81	53	19	82	3	83	97	15	6	83	91	83	33	69	9	73	50	1	22	16	25	34	10	71	77	29	1	66	69	67	46	73	21	60	67	34	23	1	77	74	9	6	24	64	54	21	84	10	95	61	18	34	64	18	69	31	14	97	79	29	21	49	32	59	71	83	89	9	32	84	54	19	14	76	88	99	55	64
2	55	93	71	16	38	3	94	94	11	74	9	74	58	73	42	87	80	26	76	40	67	2	33	8	64	14	41	59	84	89	95	52	85	21	89	91	51	4	39	27	30	50	21	20	57	59	20	50	7	84	36	78	68	97	72	62	73	30	91	11	48	12	20	15	87	43	62	71	18	95	99	90	30	1	72	66	86	76	77	92	48	67	10	56	41	80	22	56	50	35	46	93	92	74	23	8	95	5	31
89	16	33	84	88	8	33	84	33	4	75	34	66	20	10	35	93	66	64	83	97	2	28	23	44	3	68	1	74	18	87	3	20	78	80	86	22	35	79	18	21	25	70	6	85	78	76	65	52	69	3	21	1	89	32	45	43	32	11	7	36	69	49	78	30	4	97	16	54	75	86	32	93	56	55	42	57	59	96	60	60	80	19	48	84	12	77	6	30	15	33	99	31	91	42	46	78	3	23	2
24	54	31	67	14	8	59	51	26	38	94	43	60	28	22	64	15	2	16	46	5	84	58	94	28	6	39	41	48	29	33	83	38	81	51	59	19	17	89	55	46	92	75	57	30	4	58	67	36	35	98	58	33	26	2	87	32	89	73	10	4	76	56	45	92	82	69	84	28	76	3	23	65	23	23	79	55	22	46	28	81	43	94	82	94	51	79	39	75	6	10	37	81	24	25	80	25	48	69	10

53	68	77	46	65	58	70	50	99	60	63	18	70	53	98	16	92	66	14	97	49	62	36	73	27	14	49	50	16	32	12	13	48	79	11	24	28	41	14	37	74	18	23	27	30	9	45	99	60	18	36	23	91	53	88	12	88	1	9	66	99	23	10	66	82	72	49	47	59	69	94	25	28	65	6	27	86	16	74	38	54	79	13	51	96	54	32	9	23	44	84	94	61	16	13	39	53	86	73	31
87	22	3	85	44	68	20	39	61	71	29	27	18	20	75	17	76	83	76	11	8	33	63	1	58	75	81	12	29	62	34	46	87	56	29	54	34	9	4	84	79	52	65	67	31	33	68	92	21	81	79	43	61	69	56	71	15	89	34	69	69	95	19	65	60	79	61	54	2	73	96	91	41	25	48	94	64	22	35	46	20	13	68	45	24	57	29	66	3	58	86	89	94	71	15	17	26	94	4	3
58	6	56	32	2	26	28	11	62	6	12	67	25	97	63	71	3	92	98	9	66	37	3	32	85	54	6	36	35	24	61	42	47	34	47	17	19	92	61	88	31	33	20	8	97	41	41	64	17	55	51	50	99	66	7	50	15	78	34	2	35	54	29	82	30	90	40	3	71	79	50	7	90	43	73	39	18	73	91	57	1	34	9	74	29	23	73	85	84	22	83	50	24	31	3	6	40	48	86	38
25	68	74	73	3	21	48	97	2	6	14	12	40	83	28	77	80	68	40	54	86	4	24	79	71	46	80	93	88	31	88	69	27	8	86	51	29	47	26	58	98	5	19	44	70	12	11	76	48	50	13	2	77	44	92	10	37	68	17	55	23	44	18	97	22	42	66	58	43	22	54	38	66	88	86	49	15	98	35	85	24	33	78	7	18	98	94	15	37	29	2	68	31	29	43	54	67	41	28	20
2	80	64	81	89	76	46	86	49	90	61	31	20	21	58	92	32	69	63	89	99	88	68	35	44	78	22	9	27	37	1	56	92	16	17	26	40	6	82	50	97	38	80	60	4	95	50	80	21	63	75	81	82	29	53	42	65	65	64	75	30	37	34	96	20	54	28	32	11	65	32	73	36	52	94	80	9	68	80	60	14	68	86	53	14	18	89	23	42	11	5	4	59	24	7	74	29	62	8	59

19	12	18
9	5	16

J1	0
J2	0
J3	0
J4	0
J5	0
J6	0
J7	236
J8	0
J9	0
J10	40
J11	112
J12	33
J13	0
J14	0
J15	0
J16	0
J17	0
J18	0
J19	0
J20	65
J21	53
J22	136
J23	0
J24	0
J25	102
J26	0
J27	0
J28	0
J29	0
J30	208
J31	0
J32	0
J33	0
J34	0
J35	0
J36	130
J37	0
J38	0
J39	0
J40	80
J41	136
J42	82
J43	106
J44	0
J45	0
J46	122
J47	17
J48	227
J49	241
J50	0
J51	92
J52	0
J53	0
J54	207
J55	108
J56	202
J57	163
J58	214
J59	0
J60	164
J61	0
J62	40
J63	157
J64	0
J65	149
J66	0
J67	0
J68	0
J69	191
J70	36
J71	115
J72	0
J73	152
J74	98
J75	0
J76	133
J77	0
J78	0
J79	0
J80	80
J81	198
J82	158
J83	135
J84	0
J85	84
J86	235
J87	0
J88	25
J89	241
J90	0
J91	108
J92	0
J93	0
J94	231
J95	0
J96	0
J97	0
J98	0
J99	18
J100	0

J1	1928
J2	1906
J3	590
J4	341
J5	1937
J6	1555
J7	866
J8	480
J9	364
J10	1140
J11	545
J12	1329
J13	762
J14	847
J15	516
J16	703
J17	508
J18	455
J19	1825
J20	739
J21	428
J22	1344
J23	1315
J24	531
J25	1993
J26	1390
J27	1397
J28	480
J29	253
J30	1667
J31	1006
J32	241
J33	572
J34	278
J35	1686
J36	472
J37	1829
J38	1695
J39	567
J40	1577
J41	586
J42	1963
J43	334
J44	1370
J45	1537
J46	2021
J47	551
J48	644
J49	1489
J50	1172
J51	390
J52	703
J53	763
J54	459
J55	844
J56	619
J57	689
J58	832
J59	1662
J60	1524
J61	660
J62	336
J63	1492
J64	318
J65	1827
J66	536
J67	268
J68	1917
J69	1054
J70	655
J71	503
J72	690
J73	394
J74	784
J75	540
J76	507
J77	1182
J78	860
J79	474
J80	625
J81	471
J82	1610
J83	792
J84	861
J85	538
J86	744
J87	692
J88	1532
J89	781
J90	1106
J91	1454
J92	269
J93	329
J94	1745
J95	1900
J96	1714
J97	1758
J98	306
J99	1779
J100	1657
