calib_200j_2f_5o_8s_3m_idx50
200
2
5
8
3
4	90	37	70	82	61	14	42	56	61	33	38	57	61	67	6	45	15	80	2	2	67	87	72	81	32	28	45	31	83	35	84	50	4	13	50	35	83	24	20	45	77	47	5	97	22	37	88	74	4	11	81	6	17	44	17	76	82	54	12	52	11	70	65	62	69	42	85	69	70	95	39	11	60	69	54	95	67	90	39	25	43	19	39	60	76	36	49	51	69	17	60	73	50	81	48	51	29	79	30	31	99	51	52	96	77	32	64	85	26	16	87	81	89	46	79	46	2	85	51	89	48	3	44	11	17	34	50	34	58	82	4	94	76	41	42	40	87	62	66	25	16	23	64	12	91	10	72	14	40	24	14	84	77	12	71	8	38	17	3	92	20	69	88	99	2	40	95	75	49	82	55	50	11	2	2	51	34	39	15	90	6	87	57	65	89	76	37	78	80	18	91	3	66	94	40	15	3	65	34
58	65	3	62	10	97	39	40	12	1	64	8	4	55	17	68	65	60	9	94	10	70	58	42	83	38	88	9	16	80	13	74	73	78	8	12	73	14	13	90	88	47	21	59	3	43	96	9	74	61	20	83	97	46	34	1	83	57	8	66	85	85	39	74	41	59	95	85	51	76	79	74	12	63	47	44	5	32	16	33	23	99	45	37	38	17	34	85	69	14	97	98	73	88	31	26	56	23	88	53	16	14	9	27	94	16	39	54	10	39	72	42	71	49	22	36	84	31	65	22	90	70	38	53	2	14	31	33	39	47	42	11	33	75	76	14	58	77	92	32	7	57	51	38	4	7	15	87	62	44	1	11	80	39	35	66	91	47	61	12	44	27	56	96	2	74	21	39	6	34	20	75	37	20	79	99	47	39	22	56	27	21	33	57	14	41	60	47	54	4	47	57	10	18	9	2	55	93	46	3
81	27	66	16	15	39	85	66	54	18	11	31	97	82	9	55	81	98	37	15	82	47	55	26	1	78	20	86	97	35	7	58	15	27	86	58	80	15	92	42	61	97	12	41	31	94	81	56	97	76	59	83	2	48	15	39	48	39	90	96	78	63	22	88	32	1	99	96	13	58	93	3	61	52	75	51	26	94	19	72	79	73	79	88	86	58	16	15	4	10	67	65	26	59	35	22	23	32	76	85	74	30	20	77	20	42	60	65	57	50	93	2	12	25	38	54	42	92	95	96	9	4	53	93	34	94	17	69	72	57	19	89	87	47	4	24	68	55	99	3	47	88	85	17	80	92	4	94	47	86	89	70	13	65	94	82	52	65	48	10	15	90	34	56	1	69	79	63	18	91	64	91	33	3	16	75	78	33	39	90	34	47	43	31	19	81	88	15	89	21	89	12	21	12	13	33	82	46	91	12
85	91	24	28	88	46	88	54	96	71	6	39	63	29	76	33	53	42	97	58	34	78	2	67	42	89	71	12	19	91	74	31	27	68	17	41	50	43	81	81	98	51	19	11	37	38	44	93	69	52	14	22	15	88	2	77	75	48	2	49	3	98	25	10	96	22	11	85	50	48	48	24	96	55	71	42	45	70	61	22	47	67	10	23	87	51	2	25	41	23	84	57	53	50	57	62	77	18	62	95	8	28	33	36	52	65	84	46	14	45	50	35	70	76	9	59	65	55	62	92	73	26	35	16	10	92	22	89	85	41	9	46	2	53	93	56	71	20	57	82	88	97	10	6	47	41	30	72	4	87	96	67	92	94	76	83	67	75	8	18	47	60	46	52	94	27	22	96	89	11	96	61	42	55	67	12	98	33	13	4	10	26	52	16	28	34	41	12	65	88	53	83	66	55	10	70	42	2	86	16
2	8	87	1	52	98	63	55	1	80	77	44	60	13	15	94	31	63	99	37	25	22	74	63	10	2	2	55	48	25	17	61	29	18	36	52	59	25	74	2	5	10	43	21	27	97	97	41	40	89	86	35	64	67	80	19	33	11	34	46	53	66	83	22	67	45	37	24	50	20	59	82	33	59	79	60	45	88	97	90	1	39	92	7	99	53	53	7	60	2	9	67	81	64	12	23	57	81	51	80	98	73	94	30	1	82	60	41	52	86	38	15	78	36	30	32	24	64	34	71	43	63	17	11	91	11	92	4	46	34	9	58	80	99	31	61	8	25	73	87	49	39	38	36	32	84	80	56	76	54	54	36	91	3	67	55	15	40	19	32	76	43	13	39	19	30	19	30	18	40	82	24	86	34	6	70	77	71	92	4	67	80	48	21	8	20	80	40	30	39	96	74	50	4	62	7	40	57	98	9

86	10	57	50	29	28	50	65	78	46	92	96	76	95	76	20	8	41	9	33	73	35	4	3	5	98	93	63	17	83	57	46	95	60	44	26	99	37	67	93	74	72	79	98	24	74	34	31	83	45	93	38	7	11	8	76	69	23	42	40	19	55	56	64	58	31	60	35	47	5	82	28	83	6	2	54	71	28	39	15	69	39	92	28	85	35	73	80	47	71	55	76	58	7	35	65	36	53	83	41	83	82	78	84	16	86	59	17	68	96	56	91	21	11	37	91	34	54	34	89	2	9	42	50	17	93	69	87	81	30	84	41	46	25	1	24	94	19	17	6	46	96	76	62	49	59	35	72	82	84	46	16	87	28	32	66	55	86	66	34	42	31	78	21	38	53	9	55	74	3	82	30	60	69	41	84	46	33	52	76	49	73	31	63	54	36	86	26	23	66	88	43	98	29	14	61	56	76	36	23
47	10	57	49	12	75	48	13	70	19	46	32	48	87	18	3	73	37	62	72	77	28	40	17	5	14	37	35	45	71	40	44	39	6	41	34	6	34	1	33	27	88	2	68	74	82	98	72	97	73	85	74	91	72	5	81	12	85	23	14	70	37	44	25	17	53	35	86	6	64	24	84	72	99	85	71	18	47	36	73	27	7	26	67	74	44	54	46	10	3	46	10	36	33	23	30	37	41	28	79	92	65	56	87	98	58	63	64	13	42	89	1	27	96	16	81	87	60	24	69	55	46	50	60	98	84	24	46	4	33	82	71	23	99	21	4	9	23	91	86	27	88	19	61	82	19	31	31	79	26	64	45	28	55	96	73	91	86	29	71	31	31	8	20	93	53	78	29	74	82	79	22	49	8	60	87	93	40	35	98	12	85	3	44	36	38	99	5	67	55	48	53	18	85	72	32	1	74	62	95
17	60	75	94	32	48	93	83	25	5	74	80	98	23	84	8	9	65	28	64	77	61	67	83	4	95	34	86	17	94	55	14	52	7	60	71	27	25	58	13	61	15	16	50	9	25	32	98	6	29	79	80	19	72	58	64	41	43	93	92	30	76	21	23	93	30	49	20	64	30	7	88	91	72	56	91	79	85	12	9	48	91	23	34	19	61	21	50	68	36	50	23	89	34	93	22	21	67	70	38	98	57	36	97	94	40	63	14	96	70	52	49	15	45	65	95	41	82	85	21	38	58	66	47	42	52	71	84	23	25	33	67	35	36	48	20	47	11	94	56	10	13	44	23	81	52	98	56	32	88	29	56	31	64	35	48	80	88	16	37	5	61	83	51	84	37	78	6	70	33	20	35	17	5	19	58	55	41	71	26	53	37	40	35	65	3	79	67	34	63	52	78	19	75	38	10	46	53	49	26
93	72	47	60	88	1	38	57	90	13	19	85	82	58	82	90	39	63	60	92	40	16	12	59	7	32	5	25	80	39	79	67	11	46	97	6	12	66	63	24	6	19	33	78	77	42	69	74	23	98	6	57	55	23	62	61	6	4	95	85	29	26	46	85	69	45	56	76	23	5	41	73	67	96	47	44	75	87	62	26	88	49	58	26	67	41	54	46	6	2	96	61	10	81	37	17	83	71	71	7	43	45	73	6	19	52	57	84	83	56	33	69	71	54	71	59	16	90	26	58	53	18	15	60	25	88	29	77	35	17	93	5	49	73	7	87	71	72	7	2	86	14	17	55	57	23	61	60	17	20	20	24	60	64	82	60	53	15	60	91	97	68	57	51	37	32	12	4	64	20	34	64	27	44	38	91	74	98	13	41	25	12	72	98	13	15	45	41	59	68	57	28	79	51	87	48	69	57	46	12
58	59	12	75	14	22	2	95	4	17	70	69	42	16	88	49	11	68	94	81	72	61	22	13	66	10	24	56	98	93	3	97	41	25	80	79	68	67	82	80	76	20	35	73	31	40	15	31	61	51	62	94	35	59	72	89	21	88	70	17	90	4	91	22	79	63	60	71	46	63	69	49	59	59	93	63	57	2	95	14	82	58	58	88	24	57	84	26	17	90	85	75	65	95	35	87	63	43	71	39	1	23	40	9	25	71	65	17	88	90	51	19	20	63	30	89	80	25	22	20	85	23	33	44	52	20	49	88	27	36	4	55	17	70	16	63	32	49	60	37	17	91	91	18	80	73	12	30	8	28	40	85	3	47	17	76	21	40	98	13	15	33	83	33	9	83	47	35	26	15	57	82	35	98	50	66	84	78	55	86	24	76	26	54	45	55	53	80	67	80	84	77	68	97	97	44	78	31	11	84
89	53	66	95	69	22	13	81	26	62	27	64	86	6	87	22	29	47	83	51	70	72	35	8	5	64	8	80	67	50	41	17	11	26	54	98	21	7	32	78	72	81	80	11	80	88	30	55	88	11	2	46	59	95	24	32	31	14	66	31	32	93	80	44	9	94	43	19	60	40	58	54	1	11	59	22	9	41	47	48	42	82	78	92	91	33	58	67	69	46	30	51	28	76	31	26	70	40	53	56	41	72	57	54	13	77	27	2	4	57	61	55	8	23	1	41	12	96	39	79	71	73	85	4	59	96	92	87	69	53	28	32	24	60	34	76	49	51	40	58	43	60	66	35	93	58	59	23	82	7	45	20	94	37	83	33	54	6	97	99	38	62	54	5	3	22	7	58	84	29	39	57	53	97	97	91	33	54	34	3	40	58	8	36	50	2	88	74	36	65	90	1	46	75	59	54	74	98	2	45
50	97	39	48	90	90	33	51	45	96	25	92	36	69	80	87	53	61	12	49	20	50	47	53	77	54	78	21	21	44	26	48	26	41	59	1	88	65	4	3	77	66	24	2	99	39	13	47	93	94	7	7	61	12	24	52	11	81	73	39	58	81	13	23	5	40	61	98	41	99	74	19	23	80	56	60	58	15	63	45	45	59	43	45	41	21	85	99	32	82	81	54	37	38	71	25	15	54	99	70	84	67	53	67	53	22	24	89	48	94	27	42	39	56	33	74	98	71	93	72	62	53	22	60	51	53	23	30	74	28	47	5	2	82	76	90	26	14	69	2	1	7	6	39	53	38	40	26	38	70	55	95	29	55	93	18	83	10	40	66	3	65	65	96	88	91	27	66	76	84	67	85	62	29	16	61	21	98	46	71	59	72	98	10	16	48	61	87	37	4	13	96	28	54	21	89	54	51	77	89
79	52	30	2	5	16	4	9	28	61	44	77	96	26	91	64	91	36	33	46	28	79	42	80	67	55	92	16	77	11	25	76	69	63	60	22	11	81	60	29	24	84	61	78	90	50	74	6	18	44	47	77	46	35	61	51	40	73	17	22	40	32	43	52	83	41	87	56	82	65	68	51	4	59	73	77	48	18	24	10	13	58	81	66	61	64	9	96	11	84	23	90	60	43	27	75	50	12	78	36	90	62	31	34	54	25	32	73	55	44	51	88	16	26	4	10	87	10	38	45	39	38	98	80	9	18	29	42	1	26	97	5	82	23	67	34	99	92	93	64	83	66	48	93	96	97	16	34	93	34	3	3	7	68	27	59	29	83	38	54	64	84	72	72	53	83	23	24	43	95	63	95	66	46	20	87	47	53	20	17	31	82	34	7	14	77	81	26	94	78	34	98	78	52	2	57	11	19	48	26

18	10	17
18	9	15

J1	0
J2	270
J3	0
J4	0
J5	194
J6	86
J7	62
J8	0
J9	0
J10	43
J11	0
J12	0
J13	322
J14	58
J15	35
J16	0
J17	225
J18	0
J19	0
J20	199
J21	0
J22	271
J23	0
J24	8
J25	0
J26	0
J27	0
J28	37
J29	320
J30	0
J31	0
J32	0
J33	0
J34	296
J35	0
J36	234
J37	0
J38	177
J39	109
J40	0
J41	0
J42	0
J43	318
J44	121
J45	323
J46	0
J47	18
J48	0
J49	122
J50	0
J51	70
J52	158
J53	166
J54	121
J55	0
J56	2
J57	0
J58	286
J59	229
J60	0
J61	0
J62	0
J63	0
J64	0
J65	0
J66	132
J67	321
J68	0
J69	0
J70	32
J71	118
J72	169
J73	0
J74	0
J75	0
J76	222
J77	0
J78	0
J79	0
J80	224
J81	0
J82	0
J83	0
J84	0
J85	0
J86	154
J87	0
J88	248
J89	0
J90	0
J91	261
J92	70
J93	317
J94	0
J95	0
J96	238
J97	236
J98	0
J99	0
J100	0
J101	112
J102	0
J103	103
J104	0
J105	0
J106	305
J107	0
J108	0
J109	0
J110	167
J111	0
J112	179
J113	224
J114	147
J115	0
J116	294
J117	0
J118	0
J119	269
J120	58
J121	0
J122	271
J123	0
J124	0
J125	108
J126	0
J127	87
J128	0
J129	0
J130	315
J131	0
J132	0
J133	238
J134	271
J135	0
J136	169
J137	301
J138	0
J139	0
J140	131
J141	0
J142	0
J143	0
J144	172
J145	0
J146	0
J147	0
J148	222
J149	72
J150	0
J151	110
J152	141
J153	0
J154	0
J155	1
J156	0
J157	0
J158	183
J159	0
J160	189
J161	268
J162	0
J163	105
J164	79
J165	206
J166	0
J167	211
J168	0
J169	0
J170	58
J171	0
J172	0
J173	164
J174	159
J175	211
J176	87
J177	77
J178	0
J179	69
J180	174
J181	35
J182	26
J183	122
J184	0
J185	0
J186	258
J187	0
J188	0
J189	0
J190	0
J191	0
J192	0
J193	0
J194	60
J195	0
J196	294
J197	0
J198	0
J199	121
J200	0

J1	526
J2	819
J3	1034
J4	943
J5	1809
J6	808
J7	1922
J8	361
J9	2145
J10	2167
J11	1406
J12	556
J13	1197
J14	610
J15	548
J16	851
J17	2282
J18	443
J19	615
J20	1282
J21	761
J22	1301
J23	2125
J24	2175
J25	2193
J26	1124
J27	2428
J28	1749
J29	1248
J30	594
J31	1797
J32	362
J33	2263
J34	1896
J35	985
J36	1946
J37	1563
J38	2385
J39	2051
J40	1847
J41	453
J42	364
J43	2818
J44	645
J45	1009
J46	384
J47	503
J48	470
J49	627
J50	411
J51	1670
J52	659
J53	1710
J54	707
J55	1997
J56	1142
J57	2046
J58	1085
J59	1043
J60	1465
J61	1086
J62	516
J63	1754
J64	741
J65	534
J66	2087
J67	1138
J68	447
J69	1159
J70	887
J71	655
J72	1066
J73	1751
J74	360
J75	394
J76	626
J77	1085
J78	1123
J79	914
J80	2643
J81	2462
J82	737
J83	523
J84	895
J85	510
J86	1191
J87	2098
J88	1628
J89	2467
J90	1954
J91	705
J92	755
J93	1133
J94	494
J95	1658
J96	1661
J97	1123
J98	1695
J99	579
J100	323
J101	539
J102	727
J103	1599
J104	816
J105	769
J106	642
J107	568
J108	552
J109	1351
J110	720
J111	744
J112	1975
J113	2756
J114	1788
J115	1864
J116	927
J117	421
J118	621
J119	976
J120	656
J121	361
J122	2805
J123	2507
J124	729
J125	2538
J126	407
J127	2155
J128	421
J129	1456
J130	2266
J131	631
J132	1697
J133	2305
J134	741
J135	2259
J136	2732
J137	1828
J138	2318
J139	410
J140	2094
J141	2399
J142	294
J143	2163
J144	2608
J145	533
J146	353
J147	2552
J148	647
J149	775
J150	725
J151	2182
J152	2149
J153	522
J154	502
J155	342
J156	575
J157	279
J158	759
J159	971
J160	2182
J161	1669
J162	1306
J163	454
J164	1911
J165	804
J166	955
J167	2459
J168	894
J169	318
J170	1900
J171	360
J172	406
J173	883
J174	1598
J175	2288
J176	658
J177	450
J178	461
J179	1684
J180	2504
J181	2578
J182	1141
J183	1839
J184	2541
J185	1744
J186	2498
J187	558
J188	2270
J189	364
J190	497
J191	489
J192	474
J193	2540
J194	1049
J195	2258
J196	2076
J197	543
J198	796
J199	514
J200	2313
