calib_200j_4f_10o_5s_4m_idx33
200
4
10
5
4
63	38	76	67	54	47	84	75	64	20	41	25	70	17	35	7	66	36	19	82	51	18	61	71	40	31	56	41	6	5	72	56	81	49	33	55	93	28	1	43	20	17	49	12	99	76	17	99	64	91	79	28	69	29	72	6	68	56	87	2	54	65	22	1	12	66	17	80	98	53	9	55	17	72	4	41	10	80	24	19	65	69	60	19	29	17	10	99	21	93	44	33	88	62	89	11	81	28	86	77	24	17	92	72	55	80	78	24	35	71	1	28	12	56	49	77	87	18	59	73	30	21	98	18	51	53	31	37	26	33	42	7	33	76	32	75	38	20	48	87	43	24	66	63	4	57	45	6	17	64	34	47	76	43	11	39	42	92	32	76	57	1	51	32	14	31	43	77	64	79	71	96	95	30	85	81	80	5	32	30	34	63	63	81	71	5	6	94	49	89	18	88	62	83	45	30	87	31	82	69
18	18	95	94	80	34	97	63	98	67	31	64	78	63	42	91	13	95	40	23	84	74	89	61	61	21	33	4	92	90	3	70	20	8	6	96	95	1	47	68	1	65	16	87	55	64	13	22	10	27	3	91	2	78	15	24	26	82	53	68	55	14	32	52	94	73	8	56	40	50	62	44	11	7	92	26	31	19	62	33	41	35	98	62	36	94	54	68	71	98	28	15	93	79	39	96	6	22	30	17	2	44	17	66	63	48	49	34	36	41	41	87	95	59	61	6	28	81	20	17	84	42	92	61	90	43	93	14	75	55	1	75	26	48	30	49	4	91	61	93	30	50	45	40	81	93	34	45	21	99	1	28	50	37	97	76	15	44	64	49	19	4	58	25	3	63	8	99	40	3	74	13	67	56	49	41	9	27	84	34	40	8	60	8	83	3	2	17	97	6	63	93	49	14	84	64	90	33	45	41
16	2	89	97	77	98	13	96	75	47	12	85	45	54	1	33	29	29	39	48	95	19	13	69	54	95	60	58	2	40	82	56	53	31	41	54	15	64	95	43	84	60	73	99	13	47	35	11	57	18	10	58	91	23	82	62	72	34	8	42	19	5	18	86	50	60	50	19	96	35	77	95	3	40	70	91	5	10	50	23	79	45	28	47	39	51	62	48	86	20	82	87	73	12	84	65	72	60	5	69	44	90	5	31	56	57	58	22	77	43	44	13	51	53	83	57	26	1	11	58	78	17	16	33	30	44	68	57	92	45	90	81	84	71	80	73	15	46	67	79	97	63	41	96	62	71	44	37	63	41	88	51	69	88	35	65	82	12	27	19	48	3	26	67	71	23	98	33	15	44	16	15	63	54	71	80	19	90	82	36	57	21	23	23	45	48	3	57	69	81	67	65	84	27	20	93	18	82	94	81
28	5	76	46	90	98	13	99	93	91	21	46	26	83	22	69	23	8	87	43	44	33	51	63	92	74	79	20	39	33	13	38	1	78	31	2	65	1	54	33	32	26	11	80	94	65	45	59	32	16	57	17	16	45	76	74	93	31	60	8	9	8	60	97	89	71	25	97	63	72	32	92	5	19	60	46	84	6	38	45	10	42	69	47	34	77	41	3	67	70	6	10	68	40	14	21	43	84	45	38	79	28	78	86	58	99	15	92	50	58	40	97	88	3	37	22	21	45	43	99	69	60	46	60	91	45	77	57	26	78	72	62	40	38	70	47	69	48	3	37	57	5	74	20	10	22	66	10	63	16	64	29	84	6	86	30	86	76	51	77	57	21	69	93	93	52	86	45	77	30	59	29	86	7	54	36	13	18	39	32	80	68	11	82	79	6	90	16	17	14	75	33	5	94	95	42	51	23	87	60
24	43	26	55	50	91	97	26	86	88	58	40	90	40	14	60	38	31	4	88	24	13	80	73	82	91	42	42	75	54	3	19	64	49	46	13	90	24	76	23	26	49	75	32	68	50	3	13	80	99	92	82	34	46	89	81	79	88	89	17	66	69	4	3	7	27	6	11	58	24	88	99	65	19	54	19	88	18	68	42	69	98	11	11	52	51	91	82	19	77	73	89	4	86	37	83	62	97	18	79	8	39	55	52	5	93	5	55	55	70	95	47	81	53	94	6	92	5	53	13	95	98	37	38	37	98	3	31	93	45	6	43	26	63	78	89	63	57	32	13	46	98	6	43	64	56	86	21	98	83	55	24	6	51	20	7	71	9	13	5	18	79	59	52	44	67	95	86	20	86	22	45	88	46	75	67	42	2	36	34	92	62	37	62	98	9	26	91	71	65	8	36	31	67	6	30	67	18	63	12
4	18	25	91	15	9	27	15	30	58	21	81	85	44	60	53	49	80	89	48	29	65	63	70	63	5	83	33	78	39	30	81	9	79	46	47	38	59	82	60	96	50	62	6	28	49	24	6	95	45	42	73	79	12	9	64	28	94	33	74	26	65	16	58	21	38	55	91	18	62	8	40	40	91	12	90	96	62	5	44	62	9	79	66	49	39	92	45	37	77	5	48	54	39	2	10	30	46	56	88	20	83	7	93	71	30	79	16	10	98	72	33	59	39	6	32	52	29	1	41	71	96	3	9	27	66	29	19	7	81	49	40	4	43	60	84	15	76	43	97	65	91	90	56	50	65	25	43	73	24	25	96	70	83	23	14	61	60	18	86	45	18	82	69	39	64	64	87	95	34	80	3	96	22	38	18	87	45	86	27	36	42	45	60	79	8	5	74	24	71	91	56	80	70	73	27	93	71	57	60
50	76	86	70	48	45	38	83	19	51	93	19	90	88	32	81	38	96	43	44	2	2	4	86	15	86	94	4	91	7	28	13	54	76	43	99	9	73	74	90	79	67	59	26	11	36	73	88	52	3	24	5	2	4	94	66	11	78	21	10	12	78	90	51	4	29	72	8	12	18	36	94	54	93	72	70	96	47	45	38	54	8	44	38	36	84	11	54	1	53	48	87	21	98	57	45	66	11	72	70	29	2	96	61	69	50	9	48	68	94	65	67	26	61	95	40	19	51	34	91	64	13	46	45	29	1	65	43	60	72	51	32	67	27	7	38	91	92	44	87	63	18	37	62	4	23	82	96	77	26	81	30	34	35	98	92	86	89	94	25	91	69	14	41	97	70	97	27	13	24	10	92	87	15	11	88	31	24	75	49	25	14	81	31	92	49	42	1	96	99	99	93	97	43	4	88	82	25	67	57
66	77	88	98	55	86	85	89	61	34	91	91	33	93	30	30	95	31	90	31	94	47	84	52	44	56	73	63	38	2	6	30	59	86	9	98	71	53	48	66	29	50	12	42	92	86	66	81	56	27	99	9	6	90	8	77	10	60	91	74	96	66	92	46	16	80	79	21	74	52	57	78	47	23	76	20	73	28	99	19	32	70	10	18	33	39	68	89	39	37	91	42	20	99	55	62	64	69	73	78	13	87	79	31	69	52	47	21	82	42	87	37	6	22	43	66	47	75	52	46	23	80	90	94	40	98	8	45	67	55	47	4	50	95	5	26	99	76	19	19	63	62	1	87	65	79	68	2	20	17	33	39	73	32	39	70	28	24	74	61	22	47	73	57	34	26	16	33	52	37	80	35	58	18	81	71	22	18	73	60	22	56	49	92	12	87	82	74	73	77	58	43	34	62	34	65	2	37	15	58
35	11	93	56	57	42	22	44	5	17	29	73	30	37	20	25	36	88	79	88	46	29	13	8	84	79	32	62	96	32	58	33	43	21	44	85	35	37	3	56	94	93	39	97	3	55	84	71	82	57	80	86	42	33	65	77	43	17	22	48	29	54	53	53	14	66	73	59	72	88	93	65	50	93	70	56	93	21	24	72	90	79	92	41	81	75	24	27	19	29	34	82	27	84	51	45	71	41	30	69	39	65	59	88	51	16	79	11	46	2	38	56	28	20	34	12	31	63	30	44	29	40	27	50	56	21	32	81	15	28	78	5	78	72	64	61	98	26	57	95	13	39	63	56	47	34	31	79	3	41	67	43	25	67	30	42	63	11	27	19	21	63	17	47	32	29	15	46	6	95	98	98	82	95	93	40	8	61	23	98	68	40	62	49	34	66	76	31	6	49	79	71	60	66	92	51	96	1	56	66
19	58	76	64	69	18	24	50	7	40	91	40	31	77	86	33	44	1	37	16	13	33	56	17	1	5	50	98	26	65	87	32	12	82	36	13	32	39	25	55	89	25	14	46	14	15	23	77	97	16	98	98	41	97	72	40	33	94	24	6	62	76	47	99	67	82	65	17	85	72	85	3	71	96	78	72	15	52	68	17	32	95	90	63	33	65	5	21	75	53	43	26	75	8	79	95	58	4	32	24	10	68	39	76	54	22	50	23	52	93	61	79	78	45	87	7	11	6	77	9	53	73	3	20	43	8	49	31	4	27	65	44	64	99	87	71	34	83	96	19	64	92	38	33	42	94	42	97	17	21	44	26	4	51	82	81	51	48	24	95	11	51	35	42	32	30	82	98	90	24	58	61	11	11	36	38	59	65	82	53	1	1	92	32	2	66	71	12	11	72	28	28	51	5	66	44	27	80	81	39

60	63	59	65	21	3	42	55	70	69	25	43	55	30	73	58	85	51	64	4	73	15	96	17	4	63	16	89	12	80	65	44	90	78	26	11	21	46	30	21	96	61	32	30	49	75	35	53	94	65	20	34	12	1	78	73	42	99	12	56	39	10	14	14	43	20	99	67	1	54	70	76	49	87	59	97	63	94	77	55	83	99	63	42	3	75	76	60	35	28	45	54	60	84	90	6	24	31	4	71	20	65	33	47	51	58	96	38	6	50	64	10	76	64	20	64	12	14	93	26	75	79	79	54	18	58	80	64	56	90	85	48	94	85	30	9	78	21	86	15	39	44	7	39	51	59	45	1	90	61	30	81	28	47	95	31	12	24	11	56	42	48	93	74	11	76	40	73	86	97	72	60	79	37	68	81	35	36	86	88	23	3	43	70	3	47	77	11	71	91	29	39	61	21	14	54	76	39	88	15
47	5	56	90	6	12	88	17	24	8	38	49	8	96	74	9	13	47	23	24	27	19	52	62	34	90	95	50	51	78	20	93	11	52	96	29	43	29	75	2	96	80	71	20	76	48	49	38	75	77	70	88	66	91	75	66	46	83	90	37	64	49	93	28	75	86	60	76	25	24	94	63	5	77	52	49	45	89	47	89	78	40	33	55	58	60	87	49	43	85	36	30	61	94	20	64	86	8	26	38	10	23	56	58	34	18	16	81	82	6	97	55	52	32	96	16	24	9	35	2	46	5	12	69	69	14	24	7	49	58	25	39	43	83	14	78	9	30	72	70	35	49	87	95	87	92	18	61	22	83	98	57	49	95	44	33	11	1	3	4	78	21	47	20	32	26	58	90	69	16	47	51	5	83	76	5	92	94	89	13	41	78	13	89	49	85	83	95	58	13	26	93	40	10	50	60	29	26	25	8
97	93	58	25	69	5	61	20	65	54	93	57	90	7	70	51	61	67	79	73	76	69	27	49	35	50	6	53	11	17	97	55	52	16	33	26	77	82	87	82	33	67	93	53	69	83	8	24	21	59	84	48	18	93	56	63	85	2	38	63	32	8	95	76	22	6	71	96	56	73	91	9	26	25	35	90	24	24	74	93	58	69	77	60	25	92	11	48	79	14	30	77	32	36	49	24	93	86	74	76	20	5	96	41	8	75	7	74	98	43	74	83	71	39	43	16	68	4	44	98	36	34	75	55	10	5	72	59	94	49	48	67	14	72	14	46	38	92	12	62	28	31	21	90	47	54	1	83	67	64	57	17	58	98	40	51	65	90	3	34	91	82	30	61	1	18	29	71	33	30	46	98	1	99	97	99	68	43	49	40	44	59	89	7	3	33	75	25	81	48	81	76	68	30	90	1	66	67	3	25
29	50	2	91	22	2	58	92	70	72	70	23	63	90	32	94	18	33	30	30	70	55	79	49	53	30	67	45	88	99	33	72	83	3	56	14	58	63	39	69	5	34	37	48	55	16	41	23	51	38	46	55	17	14	94	27	49	39	14	61	71	32	91	77	51	30	48	95	59	81	17	80	10	13	11	81	60	95	9	69	90	54	86	42	47	95	20	97	24	36	23	91	21	53	60	11	92	11	12	26	15	43	38	50	65	81	49	67	96	63	97	46	68	97	68	47	79	55	9	50	74	36	92	22	7	54	17	31	1	95	73	36	26	52	45	8	70	88	9	50	15	77	83	24	42	96	92	63	78	99	20	4	1	47	28	34	37	51	26	30	37	32	30	87	94	38	44	7	71	41	62	64	38	96	21	40	3	73	21	1	34	79	46	81	95	9	88	5	57	21	68	18	69	21	15	16	22	55	75	15
15	56	24	32	84	62	57	20	60	69	30	29	98	57	29	32	37	73	12	88	23	46	95	20	92	16	25	12	83	65	5	51	71	1	9	88	26	66	21	36	64	32	74	66	2	52	78	48	43	37	4	27	23	44	33	67	24	90	20	38	61	12	76	53	47	98	7	92	97	2	15	3	1	74	71	29	35	19	64	31	65	3	67	20	90	40	62	95	63	23	1	65	29	38	51	60	79	20	66	36	50	84	84	41	16	58	55	37	7	57	30	3	91	2	17	59	70	44	46	74	74	5	19	91	98	42	96	91	19	10	79	58	97	47	44	58	20	18	10	38	82	14	68	23	13	97	55	53	47	22	65	95	39	22	81	12	7	56	25	66	61	61	93	51	99	85	16	12	89	74	83	39	82	93	51	91	9	94	43	34	20	61	37	29	60	62	41	5	98	5	28	8	96	69	19	79	58	38	36	23

13	7	19	7
7	6	17	16
17	18	10	14
19	6	16	14

J1	305
J2	0
J3	287
J4	0
J5	0
J6	0
J7	342
J8	0
J9	101
J10	0
J11	276
J12	0
J13	233
J14	344
J15	127
J16	44
J17	0
J18	0
J19	0
J20	0
J21	79
J22	136
J23	355
J24	0
J25	182
J26	121
J27	120
J28	0
J29	156
J30	0
J31	60
J32	0
J33	257
J34	0
J35	0
J36	122
J37	187
J38	29
J39	149
J40	0
J41	190
J42	0
J43	0
J44	184
J45	0
J46	84
J47	162
J48	0
J49	0
J50	0
J51	293
J52	0
J53	197
J54	258
J55	354
J56	220
J57	268
J58	0
J59	0
J60	0
J61	0
J62	21
J63	116
J64	0
J65	0
J66	355
J67	255
J68	0
J69	13
J70	0
J71	0
J72	37
J73	0
J74	0
J75	0
J76	257
J77	115
J78	21
J79	0
J80	0
J81	323
J82	305
J83	0
J84	0
J85	0
J86	0
J87	0
J88	0
J89	0
J90	347
J91	0
J92	25
J93	0
J94	202
J95	205
J96	0
J97	101
J98	0
J99	0
J100	0
J101	337
J102	0
J103	150
J104	212
J105	52
J106	292
J107	0
J108	0
J109	0
J110	0
J111	0
J112	0
J113	0
J114	259
J115	0
J116	364
J117	95
J118	42
J119	0
J120	0
J121	297
J122	0
J123	90
J124	0
J125	262
J126	357
J127	108
J128	0
J129	0
J130	0
J131	128
J132	340
J133	0
J134	264
J135	271
J136	0
J137	0
J138	0
J139	90
J140	184
J141	371
J142	367
J143	0
J144	196
J145	0
J146	0
J147	0
J148	0
J149	0
J150	175
J151	19
J152	166
J153	0
J154	305
J155	0
J156	187
J157	0
J158	161
J159	152
J160	373
J161	317
J162	227
J163	0
J164	7
J165	0
J166	24
J167	0
J168	266
J169	277
J170	152
J171	0
J172	0
J173	0
J174	88
J175	0
J176	0
J177	0
J178	0
J179	167
J180	226
J181	73
J182	241
J183	335
J184	3
J185	0
J186	0
J187	0
J188	64
J189	160
J190	0
J191	0
J192	28
J193	179
J194	220
J195	79
J196	69
J197	210
J198	239
J199	0
J200	298

J1	2953
J2	1922
J3	943
J4	761
J5	656
J6	2699
J7	982
J8	390
J9	447
J10	1167
J11	875
J12	841
J13	660
J14	861
J15	1869
J16	1115
J17	2723
J18	1658
J19	805
J20	1008
J21	1223
J22	2448
J23	831
J24	1122
J25	1765
J26	1860
J27	751
J28	1736
J29	1028
J30	1573
J31	2805
J32	1098
J33	2152
J34	835
J35	2991
J36	920
J37	1282
J38	2925
J39	2271
J40	2166
J41	732
J42	840
J43	1149
J44	1874
J45	1008
J46	685
J47	2418
J48	790
J49	759
J50	2325
J51	756
J52	1244
J53	1904
J54	2404
J55	831
J56	748
J57	886
J58	1095
J59	2322
J60	2109
J61	2739
J62	1924
J63	723
J64	1232
J65	2354
J66	1225
J67	1306
J68	849
J69	958
J70	1629
J71	606
J72	1009
J73	2846
J74	504
J75	585
J76	1292
J77	623
J78	1955
J79	1187
J80	2085
J81	703
J82	680
J83	653
J84	2428
J85	2796
J86	476
J87	1895
J88	481
J89	2017
J90	1307
J91	2901
J92	964
J93	1501
J94	626
J95	2130
J96	2251
J97	1112
J98	2689
J99	2907
J100	619
J101	2422
J102	1294
J103	794
J104	1267
J105	1155
J106	855
J107	2730
J108	2921
J109	631
J110	529
J111	561
J112	2058
J113	636
J114	3242
J115	449
J116	3319
J117	2169
J118	2790
J119	2481
J120	1180
J121	1178
J122	2317
J123	1178
J124	690
J125	3238
J126	2198
J127	905
J128	2105
J129	2109
J130	491
J131	1080
J132	3315
J133	1773
J134	1416
J135	2547
J136	434
J137	1262
J138	459
J139	2392
J140	868
J141	1264
J142	2050
J143	850
J144	1067
J145	2394
J146	719
J147	702
J148	1596
J149	869
J150	1517
J151	1576
J152	3031
J153	2501
J154	858
J155	494
J156	2364
J157	690
J158	1759
J159	2835
J160	2775
J161	3055
J162	2984
J163	1268
J164	542
J165	2442
J166	1777
J167	1256
J168	851
J169	886
J170	1325
J171	461
J172	799
J173	492
J174	1176
J175	1032
J176	578
J177	2803
J178	2589
J179	1177
J180	2491
J181	2856
J182	3191
J183	1112
J184	1066
J185	515
J186	1593
J187	772
J188	2316
J189	1061
J190	481
J191	831
J192	451
J193	654
J194	1919
J195	2672
J196	1931
J197	1194
J198	3131
J199	379
J200	2812
