calib_100j_3f_10o_8s_4m_idx22
100
3
10
8
4
1	2	55	93	88	89	27	30	11	34	49	94	30	8	97	99	11	82	21	10	99	80	31	63	73	45	73	33	47	10	65	35	62	69	67	66	79	40	54	89	16	92	40	31	93	76	17	16	61	95	18	70	63	82	24	17	24	30	35	98	77	44	45	84	74	3	96	61	24	68	14	20	74	79	45	66	12	64	34	77	21	20	36	48	16	67	42	75	39	37	57	83	42	43	41	54	35	20	66	32
67	7	38	96	95	40	81	11	60	48	44	89	53	85	12	42	82	12	79	33	43	89	49	25	5	46	75	34	85	95	85	67	63	66	29	62	54	99	56	50	53	90	71	15	41	42	55	64	33	96	56	88	71	85	37	45	25	77	40	50	79	40	64	95	42	99	65	81	70	50	11	95	27	6	87	97	99	4	85	87	55	92	66	29	6	17	38	27	87	79	31	78	39	87	99	11	58	91	8	55
65	16	70	36	51	74	1	22	19	21	15	91	6	95	44	32	35	47	4	52	31	78	87	86	67	73	7	86	90	22	88	30	82	30	7	17	10	64	71	26	71	34	6	99	13	47	55	32	26	15	10	77	72	10	38	20	91	8	10	79	11	13	11	61	85	99	36	66	51	74	41	7	75	98	99	18	66	10	11	57	76	66	49	79	67	8	84	98	42	41	67	56	93	96	45	58	90	64	82	2
39	92	29	37	70	72	16	71	97	79	19	48	48	23	76	31	92	5	40	78	11	15	71	48	8	55	98	46	7	49	72	35	14	18	88	19	39	74	51	55	69	54	86	46	74	92	9	56	28	82	23	92	83	96	66	35	5	83	14	64	68	87	37	26	40	6	69	50	59	34	33	24	12	5	77	58	90	71	98	89	28	71	3	15	82	42	15	7	61	18	95	56	88	86	89	84	21	96	34	72
4	3	13	39	60	64	24	44	58	45	88	12	67	2	96	31	40	52	74	49	60	93	13	3	36	48	18	72	22	38	79	53	64	5	65	32	88	4	89	43	56	19	16	81	18	22	98	69	53	49	6	54	11	73	50	23	39	88	6	82	5	70	18	33	97	59	96	13	28	31	68	64	27	40	96	4	6	6	89	60	23	78	3	32	95	94	8	89	59	10	90	6	75	73	32	96	3	51	91	56
41	71	66	7	51	89	29	87	73	84	48	86	24	78	29	11	38	5	32	88	12	75	75	59	3	15	81	64	24	88	39	94	97	97	86	97	39	56	59	21	10	30	45	9	15	27	95	23	57	22	9	75	18	89	33	4	3	72	30	33	44	19	50	1	50	48	77	7	90	91	43	82	10	32	29	35	38	15	28	5	65	66	67	91	32	4	57	31	62	58	5	73	71	89	8	30	59	48	21	95
5	47	91	13	83	94	1	75	79	81	31	29	4	70	63	92	53	86	45	64	8	79	80	61	28	68	65	41	5	81	29	88	50	28	68	73	89	6	96	5	60	3	82	11	6	96	81	85	79	83	33	3	72	57	16	69	29	99	81	21	90	62	52	34	51	76	42	61	69	98	15	32	99	85	8	15	3	40	9	61	70	56	35	25	25	13	49	86	16	40	7	84	26	53	96	29	85	27	60	87
26	71	42	22	2	54	66	66	82	87	28	87	46	59	46	42	81	59	1	45	33	36	43	28	13	90	80	92	65	76	39	86	49	29	90	17	33	69	49	14	74	64	9	70	94	62	11	92	4	40	26	33	83	88	32	45	58	60	37	21	28	15	94	80	3	87	88	5	87	2	12	27	43	64	1	32	54	46	46	7	65	19	85	20	44	83	81	23	11	73	89	34	54	29	84	81	86	94	18	68
37	61	60	52	24	46	96	60	22	90	81	82	9	44	32	77	10	38	53	63	78	76	5	84	14	10	21	35	19	68	61	86	92	39	48	76	5	6	3	43	1	91	81	75	17	98	94	97	9	27	35	79	51	47	9	71	30	21	89	70	46	20	44	5	1	25	25	59	96	58	57	3	88	59	83	55	18	51	49	38	92	42	79	68	40	94	4	10	35	42	95	61	7	49	80	62	21	73	17	98
19	18	91	24	73	64	90	58	91	30	15	43	88	21	56	22	57	90	90	89	79	37	95	98	73	55	47	72	15	94	53	77	50	15	32	23	40	71	63	48	3	71	53	88	95	13	78	11	28	92	18	97	71	75	27	82	77	20	12	86	78	50	88	52	65	60	49	46	42	99	46	49	32	53	19	54	23	76	61	6	57	31	18	3	82	84	58	11	77	57	49	2	82	90	47	97	87	86	64	19

34	33	61	97	65	33	22	33	39	74	69	61	10	95	72	5	14	64	72	74	49	93	65	44	37	11	9	59	9	44	72	97	84	72	15	83	26	45	96	66	35	16	56	85	68	48	38	56	56	7	49	29	19	47	2	11	82	73	69	30	83	65	51	68	71	62	18	74	97	80	91	74	66	6	92	87	19	58	12	79	46	19	61	51	42	46	86	22	15	32	71	1	81	41	9	21	7	44	30	87
87	47	50	87	55	47	55	39	63	18	12	72	6	34	41	78	91	63	56	80	62	10	99	94	30	99	58	53	67	33	42	22	61	84	38	45	68	73	9	26	48	98	99	79	42	55	31	60	54	49	29	79	15	73	94	98	28	84	45	75	3	31	66	65	1	50	27	99	11	93	57	6	19	74	43	37	75	74	17	69	60	32	56	60	57	91	3	46	41	48	81	49	86	58	69	65	49	43	55	25
11	72	42	7	93	39	65	94	58	87	3	20	4	40	49	40	55	30	82	88	70	14	91	87	34	59	7	54	7	99	63	96	77	34	8	94	71	80	87	92	63	97	59	32	4	83	4	49	15	17	71	49	14	37	55	51	30	61	83	92	37	32	46	88	63	67	77	44	85	10	24	25	77	86	99	45	99	8	26	28	43	83	91	51	93	39	99	49	60	3	48	28	5	46	21	1	24	19	39	75
92	7	36	21	13	71	41	72	11	94	7	63	15	63	76	46	13	36	68	5	30	85	90	49	45	79	46	56	74	45	4	96	91	66	81	3	42	63	49	6	7	66	87	65	38	86	64	44	14	39	25	66	40	77	8	37	68	94	55	52	67	42	70	48	98	80	53	78	79	40	38	96	9	56	32	89	22	30	30	77	26	66	37	63	99	69	67	17	47	4	65	50	61	13	11	89	1	40	28	72
63	37	94	5	51	12	40	78	65	18	41	8	58	3	53	19	88	49	29	12	84	59	35	35	16	39	51	55	93	93	81	80	7	99	18	73	31	9	57	52	89	86	39	45	6	24	74	25	80	70	44	4	13	3	23	55	33	92	7	68	17	30	41	16	20	14	15	88	74	48	92	69	74	26	45	68	10	31	61	73	69	39	49	75	44	4	89	58	69	57	74	99	96	5	85	7	51	41	19	67
47	86	92	55	37	19	76	1	86	55	76	75	30	76	77	78	70	52	27	48	84	5	17	29	5	99	22	57	52	13	21	90	72	58	80	59	44	66	66	52	74	28	52	23	39	37	95	73	31	51	82	28	10	31	3	23	69	95	58	27	64	40	27	36	95	48	78	26	63	27	5	6	56	88	48	98	85	12	85	95	88	94	80	56	90	93	73	26	17	86	75	83	7	56	16	46	63	37	8	63
58	27	43	86	52	76	78	77	95	92	84	59	56	46	11	15	97	38	22	45	16	81	23	22	2	84	69	62	34	89	7	4	97	8	38	62	42	19	54	20	48	58	52	29	86	16	35	53	21	65	52	71	38	43	48	21	12	21	40	84	52	82	65	49	62	58	91	8	59	51	78	17	96	49	41	50	6	87	86	80	94	45	74	85	4	11	24	7	47	84	16	16	12	91	28	20	53	61	98	54
57	84	16	5	51	81	51	11	69	64	70	81	81	60	11	28	63	56	86	86	29	18	33	39	21	73	8	56	8	29	98	59	73	43	90	42	89	60	48	13	13	77	31	7	19	90	82	17	32	46	8	6	73	50	46	52	30	92	55	24	81	56	60	43	45	50	39	29	20	53	13	13	93	54	75	43	95	32	43	84	97	20	36	59	46	12	22	33	17	11	75	23	98	49	36	60	70	68	58	77

7	12	18	13
18	18	10	9
20	6	16	18

J1	0
J2	73
J3	0
J4	240
J5	240
J6	175
J7	0
J8	0
J9	136
J10	0
J11	210
J12	0
J13	350
J14	276
J15	0
J16	388
J17	427
J18	410
J19	255
J20	425
J21	0
J22	364
J23	0
J24	456
J25	256
J26	0
J27	0
J28	0
J29	0
J30	451
J31	122
J32	38
J33	0
J34	0
J35	0
J36	333
J37	0
J38	0
J39	0
J40	0
J41	0
J42	148
J43	33
J44	0
J45	0
J46	0
J47	0
J48	456
J49	0
J50	360
J51	167
J52	0
J53	245
J54	452
J55	0
J56	0
J57	70
J58	332
J59	110
J60	0
J61	0
J62	0
J63	0
J64	0
J65	0
J66	402
J67	0
J68	198
J69	406
J70	0
J71	0
J72	0
J73	0
J74	1
J75	0
J76	234
J77	229
J78	0
J79	0
J80	169
J81	162
J82	0
J83	244
J84	394
J85	189
J86	0
J87	80
J88	143
J89	342
J90	88
J91	299
J92	245
J93	68
J94	21
J95	0
J96	0
J97	0
J98	0
J99	0
J100	143

J1	3572
J2	2954
J3	1380
J4	3074
J5	1025
J6	640
J7	2815
J8	2430
J9	1140
J10	1216
J11	3713
J12	953
J13	3750
J14	1039
J15	1167
J16	3466
J17	1111
J18	3390
J19	1310
J20	1085
J21	3104
J22	858
J23	992
J24	1816
J25	3397
J26	878
J27	2520
J28	567
J29	3378
J30	920
J31	713
J32	1162
J33	851
J34	1922
J35	1317
J36	1351
J37	858
J38	2583
J39	763
J40	3352
J41	3006
J42	739
J43	1172
J44	1478
J45	3591
J46	878
J47	485
J48	1907
J49	3609
J50	1286
J51	3692
J52	780
J53	2312
J54	881
J55	2510
J56	2839
J57	3343
J58	1675
J59	2402
J60	450
J61	1249
J62	3240
J63	1321
J64	2364
J65	859
J66	960
J67	503
J68	2456
J69	1289
J70	754
J71	2668
J72	2766
J73	1898
J74	1006
J75	597
J76	1642
J77	2345
J78	2125
J79	3044
J80	814
J81	815
J82	1047
J83	1717
J84	1158
J85	1553
J86	3657
J87	1613
J88	3374
J89	3583
J90	3147
J91	1421
J92	1257
J93	849
J94	1169
J95	1033
J96	1088
J97	2444
J98	668
J99	3316
J100	1091
