calib_20j_4f_5o_8s_3m_idx45
20
4
5
8
3
82	7	86	28	88	38	77	98	92	6	95	89	59	5	47	27	41	38	73	7
73	15	75	57	98	57	4	31	65	53	44	76	59	91	12	35	91	96	40	71
68	11	54	44	47	47	18	56	96	26	18	90	58	28	36	41	49	50	8	77
44	29	55	87	6	41	15	23	7	81	64	30	73	98	53	24	22	31	40	38
87	36	27	94	2	47	11	31	65	68	51	62	7	18	90	47	92	79	29	86

68	92	23	7	68	73	24	14	48	85	63	55	41	32	13	73	7	25	60	63
98	62	63	58	63	39	32	78	84	23	52	46	56	54	13	85	10	70	82	39
70	91	35	45	51	3	86	1	77	44	60	92	16	21	68	68	36	13	97	48
36	6	51	1	64	63	37	99	62	35	60	11	82	25	54	26	40	21	16	86
46	4	77	86	42	20	84	36	31	53	98	46	61	63	53	35	67	59	56	96
84	77	20	9	70	93	43	75	70	44	11	22	42	4	24	16	40	70	89	13
95	69	40	78	1	61	19	31	29	28	11	69	92	6	41	29	63	30	37	27
65	93	90	49	66	42	50	97	14	68	36	37	49	79	11	15	77	2	96	56

17	18	16
11	10	17
9	5	6
20	10	6

J1	266
J2	150
J3	0
J4	0
J5	163
J6	14
J7	320
J8	223
J9	223
J10	206
J11	0
J12	0
J13	27
J14	283
J15	0
J16	191
J17	265
J18	0
J19	126
J20	0

J1	794
J2	2083
J3	334
J4	1039
J5	707
J6	1889
J7	1843
J8	881
J9	786
J10	1836
J11	1833
J12	539
J13	475
J14	2738
J15	2497
J16	1725
J17	926
J18	2124
J19	817
J20	380
