calib_100j_2f_10o_8s_3m_idx29
100
2
10
8
3
70	62	36	36	59	23	42	59	95	60	54	49	53	29	75	74	56	28	34	44	67	3	33	19	70	8	36	53	94	13	43	79	22	44	33	33	29	54	87	35	11	40	71	52	10	59	36	19	75	7	89	31	14	21	28	39	75	91	12	29	46	67	91	56	12	79	42	23	20	35	4	49	10	61	31	31	63	14	72	67	20	37	28	38	4	18	90	96	7	57	82	19	19	21	99	24	39	98	46	88
85	42	15	53	31	58	86	50	38	94	70	63	67	67	7	55	6	59	6	19	66	15	9	29	96	1	23	71	41	27	21	83	70	95	26	15	7	82	5	79	86	10	46	86	89	9	94	33	74	53	79	77	29	97	85	43	16	18	9	47	30	62	81	52	74	90	29	54	35	6	2	27	50	82	83	15	79	83	43	62	36	19	81	55	38	65	3	2	82	26	36	48	28	65	19	26	76	3	53	98
78	41	3	53	74	59	49	87	30	69	4	70	14	56	5	30	80	95	45	12	94	95	29	49	27	74	38	23	75	10	66	15	10	46	45	69	40	13	29	84	38	35	35	9	38	45	59	84	18	89	87	33	2	85	83	81	4	68	45	15	32	55	41	53	21	41	18	24	50	44	24	65	40	94	88	32	66	51	57	98	18	96	97	56	98	70	21	2	95	50	1	92	83	24	30	99	81	71	92	93
79	88	41	37	20	75	8	66	11	43	31	95	26	73	98	31	44	20	79	84	27	17	94	84	25	7	90	10	63	49	20	43	4	35	34	2	91	74	31	18	39	15	40	53	97	86	26	78	88	61	71	72	65	67	14	66	66	99	10	51	46	14	73	69	96	10	58	46	25	40	88	20	49	24	84	79	62	1	98	46	38	19	57	63	48	52	60	49	60	18	36	32	39	66	22	94	69	23	77	8
23	1	85	68	69	91	2	73	54	82	6	50	60	91	51	7	88	51	13	72	3	7	73	98	92	16	7	32	95	22	89	2	84	93	41	99	94	41	29	54	79	8	23	98	30	40	13	34	18	88	18	87	98	4	80	44	19	99	13	29	52	14	59	54	21	56	22	92	51	54	62	27	45	19	63	50	32	18	9	1	7	48	71	53	61	9	60	38	95	53	46	18	18	80	73	46	52	73	70	83
3	55	35	86	14	26	16	39	46	45	78	52	81	82	51	13	79	58	41	85	99	52	65	31	96	84	67	29	23	68	96	93	21	17	28	58	29	31	25	51	38	19	36	17	33	77	84	31	4	30	3	37	69	15	44	38	49	58	23	61	71	19	57	35	6	92	88	57	14	44	97	55	78	88	33	30	64	10	83	51	31	77	82	4	33	4	76	62	49	41	17	28	19	71	2	27	39	23	19	53
88	92	73	62	83	29	42	32	40	41	89	60	49	13	31	19	42	10	55	91	65	11	87	31	83	56	66	19	71	73	30	49	14	43	73	61	14	40	22	92	52	70	76	90	52	79	52	49	92	10	48	10	90	95	47	62	27	67	90	45	23	74	71	94	20	74	65	58	69	9	2	93	70	27	74	50	33	96	83	2	16	22	44	76	79	77	55	55	6	3	56	97	11	78	77	90	48	34	12	93
70	38	22	8	99	19	75	55	50	44	8	37	46	33	33	61	17	12	73	12	97	82	81	89	9	11	8	26	57	91	7	22	56	72	60	89	91	87	94	32	35	13	27	13	64	57	5	22	93	93	9	71	3	71	81	90	38	72	10	43	92	86	80	86	90	20	94	43	17	98	83	9	75	82	80	80	6	95	69	82	27	82	15	45	79	86	81	46	71	58	93	68	85	5	87	71	52	1	69	45
39	18	88	48	43	50	53	72	25	84	19	81	16	3	66	70	81	67	67	58	46	78	63	63	25	24	76	57	22	4	56	49	5	87	98	65	27	34	23	67	70	15	71	66	67	17	60	18	10	66	40	37	40	60	98	36	3	50	68	33	12	3	21	3	63	85	61	39	13	21	35	2	56	67	13	48	59	1	46	67	58	61	27	46	40	7	69	12	60	98	7	16	33	36	83	9	90	87	64	72
19	29	76	3	1	78	10	22	37	50	95	72	89	19	58	84	25	57	74	1	72	35	47	21	11	8	74	56	86	20	63	65	43	91	20	5	73	41	46	21	11	48	98	78	6	78	49	7	10	47	40	60	56	49	53	38	29	86	75	36	63	99	39	17	27	73	89	43	50	74	5	37	96	55	66	39	90	5	68	14	22	36	21	63	72	94	16	80	93	44	98	61	1	51	2	59	80	3	55	9

12	31	80	5	16	61	85	75	63	25	88	92	53	62	11	2	48	21	84	33	38	18	32	28	10	28	53	56	38	36	80	70	20	42	75	78	37	88	55	33	12	69	29	44	17	10	2	20	22	90	47	47	79	35	24	62	78	94	14	5	6	46	20	32	24	4	87	32	61	11	24	1	65	42	31	53	11	38	20	74	30	43	99	80	93	19	76	10	32	86	32	59	76	95	71	22	37	33	55	13
70	92	20	79	14	20	18	28	41	85	37	21	11	30	92	43	13	92	47	87	11	56	44	17	22	64	64	36	50	15	8	75	39	59	26	23	11	97	26	31	15	84	60	77	98	84	49	77	29	40	25	60	22	60	81	51	97	73	58	46	37	88	56	4	19	54	87	67	58	31	47	60	97	70	15	88	79	75	65	10	20	88	90	56	61	40	63	78	70	77	85	30	46	36	46	99	78	91	10	20
17	98	79	52	28	28	29	14	47	50	3	47	32	69	17	78	31	11	60	41	2	71	7	5	46	17	80	52	52	70	88	39	61	77	22	20	4	32	56	96	98	10	49	28	55	40	42	93	69	90	20	8	58	58	1	55	6	51	28	75	28	1	69	28	2	11	40	22	55	93	48	92	95	17	86	55	85	55	78	34	31	94	53	78	34	45	45	7	93	6	75	48	99	93	91	47	59	71	95	17
72	29	90	28	49	99	56	55	66	96	11	63	6	66	34	58	74	43	51	75	78	5	20	73	86	64	36	72	58	78	64	99	75	13	99	1	67	26	4	46	25	9	64	78	50	36	72	80	92	65	92	75	15	96	61	68	24	63	43	65	52	57	47	52	56	43	12	54	64	37	88	4	50	83	99	30	34	18	41	24	57	31	15	49	14	13	25	28	14	6	66	86	70	81	1	3	27	81	45	9
35	33	82	80	91	6	18	59	12	13	92	26	13	73	45	42	69	11	63	49	16	82	44	53	23	87	66	34	95	12	83	1	30	95	57	76	62	28	62	48	13	92	64	93	65	47	58	57	72	25	49	54	10	90	10	56	38	91	13	33	67	41	35	51	5	42	10	3	8	62	31	36	64	73	26	98	44	55	68	4	85	98	65	59	76	97	3	22	46	12	20	54	10	85	54	93	54	83	39	6
26	48	38	39	59	78	11	84	63	25	68	5	68	5	94	51	56	60	29	28	39	31	41	36	87	43	84	57	93	85	66	70	78	7	56	86	60	37	72	72	48	91	21	23	99	77	19	77	28	5	97	40	17	17	47	57	42	48	44	26	67	71	27	33	28	8	36	10	6	74	30	54	1	52	17	17	60	23	37	21	32	42	20	18	46	86	34	43	33	12	9	90	44	83	86	6	59	55	76	96
4	51	38	62	91	34	32	82	70	85	3	43	95	56	79	68	28	21	11	26	97	78	70	13	28	21	33	57	31	8	42	12	84	18	29	45	82	91	66	73	21	47	36	19	81	88	13	72	65	90	63	1	27	86	46	79	21	52	53	47	16	61	55	87	50	91	20	95	24	88	33	7	68	18	57	10	60	75	1	95	84	5	61	13	70	99	67	41	73	38	18	96	94	51	53	58	57	77	17	78
6	87	21	62	89	82	5	71	14	98	49	34	51	77	23	96	62	74	82	44	42	1	20	80	12	9	46	64	75	64	73	45	10	64	28	12	77	28	61	75	55	36	87	52	17	85	76	87	63	68	63	26	6	27	30	96	45	13	13	52	59	80	5	49	4	30	5	58	12	62	35	6	94	17	8	44	92	37	24	73	12	66	14	10	34	87	45	82	9	56	84	93	42	5	8	65	56	92	99	69

16	5	18
9	9	13

J1	0
J2	0
J3	402
J4	0
J5	255
J6	0
J7	0
J8	34
J9	0
J10	0
J11	240
J12	0
J13	0
J14	209
J15	126
J16	0
J17	0
J18	392
J19	291
J20	0
J21	0
J22	0
J23	0
J24	0
J25	17
J26	324
J27	198
J28	120
J29	187
J30	417
J31	0
J32	426
J33	24
J34	398
J35	0
J36	0
J37	302
J38	0
J39	0
J40	177
J41	314
J42	0
J43	0
J44	0
J45	153
J46	0
J47	0
J48	434
J49	0
J50	0
J51	125
J52	0
J53	0
J54	0
J55	0
J56	0
J57	202
J58	243
J59	271
J60	122
J61	345
J62	0
J63	0
J64	33
J65	0
J66	0
J67	0
J68	63
J69	0
J70	282
J71	267
J72	132
J73	311
J74	0
J75	0
J76	0
J77	0
J78	0
J79	0
J80	0
J81	72
J82	188
J83	214
J84	412
J85	0
J86	178
J87	0
J88	0
J89	0
J90	359
J91	300
J92	0
J93	0
J94	0
J95	0
J96	0
J97	144
J98	182
J99	71
J100	0

J1	2021
J2	1186
J3	1685
J4	859
J5	1421
J6	2357
J7	2685
J8	842
J9	3441
J10	1175
J11	3744
J12	717
J13	1784
J14	2035
J15	1425
J16	858
J17	1567
J18	2697
J19	1142
J20	759
J21	1125
J22	2865
J23	882
J24	3059
J25	1843
J26	3483
J27	752
J28	3381
J29	899
J30	3255
J31	486
J32	1396
J33	3411
J34	1206
J35	1032
J36	2676
J37	2813
J38	945
J39	2895
J40	620
J41	3372
J42	3499
J43	1536
J44	558
J45	811
J46	802
J47	1870
J48	1253
J49	2117
J50	1111
J51	684
J52	2062
J53	2104
J54	464
J55	1477
J56	726
J57	3020
J58	1144
J59	3031
J60	2632
J61	3309
J62	864
J63	975
J64	1081
J65	2594
J66	1548
J67	1182
J68	3196
J69	2776
J70	1223
J71	2987
J72	2080
J73	1598
J74	693
J75	500
J76	1497
J77	580
J78	2058
J79	691
J80	3172
J81	3011
J82	773
J83	911
J84	2494
J85	519
J86	578
J87	740
J88	2063
J89	986
J90	2351
J91	1750
J92	453
J93	2229
J94	774
J95	2246
J96	1108
J97	682
J98	1251
J99	643
J100	595
