calib_20j_2f_5o_5s_3m_idx5
20
2
5
5
3
38	28	19	49	41	5	51	99	46	32	2	94	75	8	48	60	60	92	19	84
99	16	97	55	41	16	27	25	59	8	20	3	35	44	68	11	32	88	79	80
71	24	29	65	9	99	76	21	24	90	10	53	41	70	62	22	59	14	23	17
66	18	1	51	66	87	36	41	69	60	48	95	23	58	12	17	50	25	19	2
13	47	64	22	3	70	31	90	96	41	70	94	28	1	72	13	58	88	8	77

97	64	99	49	40	36	1	39	39	75	27	41	38	72	68	23	57	31	97	75
79	82	13	44	84	30	32	6	13	84	54	41	41	53	49	45	30	91	13	66
31	74	91	71	74	79	43	12	92	13	74	17	45	68	4	50	21	31	3	34
95	58	28	78	17	89	56	52	12	36	30	26	88	32	97	25	28	69	77	69
2	56	78	27	35	6	73	92	45	36	12	20	30	57	75	9	63	5	7	35

14	15	19
6	8	15

J1	0
J2	0
J3	24
J4	0
J5	132
J6	188
J7	0
J8	4
J9	199
J10	169
J11	177
J12	148
J13	0
J14	95
J15	116
J16	0
J17	0
J18	0
J19	0
J20	0

J1	418
J2	554
J3	374
J4	423
J5	1226
J6	596
J7	1804
J8	628
J9	1207
J10	579
J11	1440
J12	672
J13	1439
J14	801
J15	526
J16	1348
J17	1086
J18	213
J19	1161
J20	286
