calib_50j_2f_5o_5s_3m_idx7
50
2
5
5
3
65	81	9	35	42	58	79	23	54	42	1	27	9	33	77	4	95	36	29	61	32	80	22	11	97	20	99	50	22	56	44	86	37	81	96	50	97	1	88	18	97	91	7	19	44	55	34	53	6	55
9	1	89	59	64	14	59	56	90	75	11	83	95	33	31	4	79	9	22	55	72	96	91	85	8	12	91	32	41	48	55	32	80	96	8	70	12	39	7	66	55	89	81	75	13	5	21	73	10	67
44	70	20	33	16	18	98	47	96	5	8	15	17	34	75	99	75	72	54	90	70	98	95	54	20	85	41	39	92	5	66	52	18	62	95	84	55	77	56	91	93	89	48	3	67	72	8	21	25	66
25	21	97	41	13	53	29	57	49	9	72	17	60	35	4	13	30	11	50	3	39	71	99	92	65	36	2	34	74	95	20	76	74	53	82	3	78	72	81	83	15	32	49	37	6	91	88	86	26	6
26	17	71	59	54	71	8	95	27	3	9	81	93	24	72	53	37	95	77	3	20	12	97	14	95	62	61	23	31	87	49	99	9	50	90	25	36	28	67	61	69	36	63	87	80	1	17	52	79	16

27	31	83	70	56	35	30	91	38	6	23	73	2	80	78	67	70	49	66	26	64	46	91	14	84	21	87	56	37	78	8	69	55	12	52	95	18	3	46	64	38	10	23	92	52	22	31	90	6	92
6	71	90	94	99	10	38	54	89	49	78	80	37	52	46	73	58	28	72	14	56	11	76	13	57	87	79	34	95	58	70	4	58	22	63	26	96	40	94	47	79	75	32	99	61	90	46	54	53	84
83	80	89	14	60	35	64	24	3	77	20	15	95	25	21	8	14	26	18	77	42	49	19	45	85	31	1	55	88	49	35	10	98	43	97	78	54	40	11	18	39	16	39	42	4	37	59	14	17	81
48	5	79	37	73	28	40	2	94	13	50	11	60	75	27	72	20	24	38	93	63	98	37	72	38	64	3	13	94	92	20	24	90	82	36	2	58	26	13	78	84	99	88	17	64	9	2	67	98	39
83	64	66	60	21	38	16	94	50	5	96	35	99	60	62	65	24	4	83	7	69	14	20	91	8	81	5	2	93	1	33	10	21	69	53	18	95	20	8	8	51	2	12	39	4	82	40	46	77	13

13	10	8
6	17	11

J1	0
J2	0
J3	0
J4	79
J5	0
J6	156
J7	52
J8	197
J9	0
J10	236
J11	0
J12	0
J13	219
J14	125
J15	187
J16	47
J17	0
J18	192
J19	237
J20	0
J21	68
J22	208
J23	104
J24	0
J25	144
J26	0
J27	0
J28	0
J29	0
J30	0
J31	0
J32	41
J33	0
J34	0
J35	0
J36	62
J37	0
J38	46
J39	0
J40	0
J41	0
J42	0
J43	79
J44	0
J45	0
J46	234
J47	185
J48	213
J49	0
J50	53

J1	1555
J2	1140
J3	289
J4	751
J5	448
J6	1936
J7	780
J8	453
J9	374
J10	1860
J11	1904
J12	1949
J13	486
J14	1472
J15	1047
J16	1318
J17	804
J18	1289
J19	1028
J20	997
J21	320
J22	786
J23	481
J24	1288
J25	485
J26	684
J27	789
J28	1471
J29	470
J30	387
J31	1008
J32	558
J33	348
J34	328
J35	369
J36	1212
J37	583
J38	1667
J39	873
J40	295
J41	491
J42	419
J43	1543
J44	1044
J45	1275
J46	733
J47	1894
J48	493
J49	1327
J50	1276
