calib_100j_2f_5o_5s_4m_idx38
100
2
5
5
4
97	38	29	94	19	74	39	4	52	37	11	44	91	29	25	18	6	20	78	18	87	33	11	41	27	22	23	45	27	38	26	51	59	32	10	63	69	51	33	32	21	60	57	47	91	30	45	20	72	22	25	80	88	93	56	92	33	47	24	39	44	6	95	17	6	45	91	2	85	29	26	94	51	2	3	95	26	51	39	34	37	14	17	7	79	41	28	91	54	19	42	60	17	62	45	53	35	99	5	83
16	1	86	8	46	9	52	92	99	81	87	32	97	63	92	16	15	49	76	94	57	6	85	34	65	63	10	82	90	51	87	58	9	94	1	78	44	48	49	17	36	33	7	21	82	86	38	27	25	49	8	70	84	64	77	49	30	99	83	72	92	10	5	35	82	32	83	7	9	70	93	98	23	5	22	92	4	28	25	11	76	14	39	29	20	80	43	33	40	12	83	39	36	36	68	81	77	99	68	53
37	51	56	26	83	65	1	14	61	78	32	21	41	5	95	81	10	48	33	61	82	24	5	40	10	43	76	21	75	25	45	75	81	11	72	44	16	34	2	6	80	3	67	46	10	67	49	97	70	89	96	84	11	53	60	36	17	31	79	61	98	51	51	36	52	78	72	80	86	18	31	69	85	78	32	55	45	4	62	17	5	42	42	87	91	8	4	40	76	19	35	76	18	13	70	85	23	33	15	96
43	58	37	96	80	62	82	5	38	66	79	80	39	95	69	79	93	82	30	22	49	19	84	6	23	57	82	29	79	39	58	27	87	55	60	99	90	6	43	40	27	55	95	34	56	59	78	27	89	93	86	95	58	53	38	52	36	21	29	98	30	87	72	48	72	59	42	37	90	85	2	31	33	6	42	62	63	43	35	61	21	27	88	88	57	55	57	67	39	65	63	55	93	94	17	52	8	55	20	94
91	3	65	29	91	4	64	57	24	11	62	58	2	6	36	14	70	48	35	90	41	52	7	33	58	98	58	84	1	73	89	42	84	95	46	64	76	87	91	73	25	64	4	87	5	19	82	40	33	43	91	2	97	95	72	35	77	83	31	83	47	60	3	46	5	30	79	71	15	11	52	86	39	97	27	51	88	41	32	78	35	98	73	25	94	13	15	10	34	27	20	32	96	91	71	12	45	74	64	33

79	99	48	25	43	4	9	71	42	35	71	83	51	71	87	80	30	6	88	38	5	55	77	63	43	29	46	67	86	70	22	53	1	42	50	15	16	89	39	88	95	75	34	21	11	74	63	92	49	50	56	99	12	93	92	46	93	81	18	95	19	41	46	52	46	94	69	80	87	1	23	42	54	8	19	89	34	87	97	69	61	54	69	58	68	33	51	84	7	57	60	18	52	15	23	68	12	18	7	72
76	41	41	73	78	27	84	86	41	38	90	93	51	53	31	29	16	50	61	38	67	22	38	83	21	92	69	42	81	2	14	88	10	54	65	11	52	74	48	75	96	83	51	45	87	85	64	38	78	62	25	10	80	35	70	88	56	66	80	20	68	66	70	19	96	12	14	74	82	14	61	16	1	42	12	96	10	33	63	61	64	72	48	7	99	20	39	16	97	2	32	35	90	48	24	46	69	15	98	90
39	59	75	47	89	26	98	88	46	22	61	1	7	22	76	41	78	70	62	52	16	43	40	38	88	86	24	77	8	29	28	14	68	63	92	24	78	66	4	67	56	93	81	63	32	86	74	96	63	79	94	31	90	97	63	93	17	93	32	22	72	78	99	56	25	91	5	73	21	96	93	99	36	54	47	35	91	18	8	75	94	4	16	94	85	27	18	33	54	99	82	60	84	72	19	78	48	20	45	75
45	64	85	47	47	91	84	39	91	25	45	33	40	80	81	72	57	51	95	67	77	81	29	52	32	31	61	52	85	43	14	73	12	31	36	53	23	30	25	25	84	97	96	53	22	51	63	94	98	48	99	20	37	1	36	4	23	33	59	2	59	73	86	34	92	64	39	16	15	52	64	4	23	9	26	36	79	31	18	19	37	50	58	20	75	47	59	12	84	16	68	90	71	15	87	13	14	28	45	44
74	10	44	57	23	31	91	90	64	86	21	89	3	19	16	28	83	40	74	29	24	99	10	32	39	31	22	9	68	76	59	34	57	86	32	6	89	44	31	85	90	90	25	62	47	50	95	32	77	4	72	85	3	25	90	45	83	22	93	56	20	80	29	45	47	20	90	28	7	36	46	98	83	57	33	84	89	1	25	90	90	79	84	65	86	27	1	57	47	15	47	10	4	34	57	10	70	69	30	61

18	10	18	17
18	10	5	5

J1	0
J2	101
J3	219
J4	0
J5	0
J6	0
J7	239
J8	0
J9	0
J10	134
J11	0
J12	0
J13	0
J14	0
J15	168
J16	0
J17	210
J18	155
J19	0
J20	0
J21	82
J22	0
J23	101
J24	0
J25	17
J26	249
J27	204
J28	0
J29	16
J30	158
J31	201
J32	0
J33	0
J34	0
J35	0
J36	134
J37	193
J38	0
J39	0
J40	0
J41	191
J42	0
J43	225
J44	0
J45	0
J46	0
J47	236
J48	0
J49	204
J50	34
J51	0
J52	145
J53	0
J54	84
J55	253
J56	0
J57	0
J58	2
J59	0
J60	232
J61	57
J62	0
J63	170
J64	192
J65	0
J66	152
J67	0
J68	0
J69	75
J70	207
J71	235
J72	245
J73	0
J74	0
J75	253
J76	0
J77	248
J78	13
J79	82
J80	0
J81	163
J82	144
J83	43
J84	181
J85	111
J86	0
J87	245
J88	0
J89	158
J90	0
J91	187
J92	0
J93	0
J94	71
J95	0
J96	0
J97	218
J98	251
J99	206
J100	73

J1	347
J2	1778
J3	584
J4	1071
J5	387
J6	1688
J7	899
J8	246
J9	289
J10	587
J11	405
J12	1203
J13	1646
J14	1730
J15	459
J16	1296
J17	1564
J18	1759
J19	321
J20	738
J21	659
J22	1910
J23	1978
J24	1966
J25	1265
J26	552
J27	1554
J28	539
J29	272
J30	1327
J31	1483
J32	723
J33	1632
J34	369
J35	1823
J36	2048
J37	602
J38	1220
J39	1233
J40	614
J41	665
J42	364
J43	1139
J44	543
J45	1828
J46	279
J47	498
J48	284
J49	616
J50	1189
J51	422
J52	535
J53	385
J54	475
J55	957
J56	1044
J57	1938
J58	328
J59	608
J60	842
J61	490
J62	428
J63	724
J64	2094
J65	665
J66	1042
J67	675
J68	1945
J69	1168
J70	1995
J71	1108
J72	775
J73	1997
J74	1886
J75	2145
J76	460
J77	975
J78	1666
J79	1912
J80	644
J81	890
J82	1810
J83	750
J84	721
J85	573
J86	1826
J87	2180
J88	1798
J89	923
J90	1484
J91	1045
J92	618
J93	280
J94	919
J95	561
J96	836
J97	2149
J98	926
J99	1745
J100	453
