calib_100j_4f_10o_5s_3m_idx27
100
4
10
5
3
64	30	99	85	49	38	2	35	66	93	26	31	79	11	50	48	4	23	22	24	53	67	30	94	71	48	73	68	66	93	34	5	50	68	29	59	30	85	1	46	69	22	35	7	23	9	35	45	62	52	6	86	61	41	92	86	28	16	44	65	8	16	56	57	11	5	35	68	46	80	58	24	54	98	24	86	17	77	47	88	68	87	2	65	11	84	65	86	72	69	79	67	50	89	40	37	56	60	51	46
28	49	51	71	39	86	33	94	79	77	86	40	53	77	32	85	30	90	23	12	99	21	30	57	17	31	59	76	60	9	55	72	12	97	11	91	42	53	32	31	11	52	38	9	86	88	12	87	61	51	21	57	8	13	32	20	25	79	24	17	9	55	2	24	58	88	72	28	4	6	85	59	14	84	66	97	12	53	48	46	44	76	19	59	40	69	88	5	27	44	97	47	95	65	86	93	58	24	2	51
50	71	70	49	30	65	25	97	87	15	98	42	47	54	49	18	1	91	59	32	89	68	24	85	69	40	99	90	60	39	14	26	25	70	94	5	13	25	8	17	98	24	24	69	75	69	54	14	42	5	66	42	44	6	25	18	27	66	84	41	30	69	27	85	35	94	97	80	6	28	89	64	76	9	62	19	4	52	39	11	88	74	97	63	54	16	34	59	57	38	94	46	13	75	99	14	38	30	6	58
42	11	30	86	26	25	45	10	67	4	1	70	21	7	4	51	1	60	14	44	83	50	55	55	30	98	89	41	82	9	86	43	67	34	25	74	6	97	9	95	68	92	78	80	81	66	25	21	99	59	89	31	43	24	37	62	49	19	41	55	42	48	74	64	88	41	65	58	32	83	77	94	60	83	64	83	9	91	83	69	26	99	16	45	95	13	99	29	77	35	55	85	18	60	50	35	56	33	35	1
46	88	85	18	68	41	42	54	65	72	34	10	79	29	13	9	27	29	49	78	21	54	16	37	22	79	28	64	50	26	41	49	85	62	31	54	47	60	63	18	6	59	85	35	31	1	71	4	94	87	74	50	45	66	7	26	1	98	52	8	12	34	19	61	31	1	42	48	97	35	75	92	83	38	96	88	99	99	49	36	29	11	95	67	23	29	39	46	97	94	54	28	73	23	34	78	20	50	7	38
24	11	11	54	17	73	21	36	34	4	78	82	22	10	35	35	11	22	17	75	9	28	27	88	86	81	79	2	70	13	13	96	37	30	81	88	76	68	10	62	42	24	31	77	10	87	90	75	59	84	22	13	97	74	66	8	11	35	61	13	96	90	30	67	50	95	90	67	24	15	29	55	62	21	30	52	39	28	8	6	67	90	39	4	96	82	55	50	72	29	40	4	87	8	73	59	55	70	77	5
88	39	82	38	21	45	52	94	6	99	80	54	31	70	98	99	28	67	86	63	41	39	63	81	42	12	51	23	85	23	61	89	73	46	3	87	2	1	37	32	95	83	34	92	12	68	22	22	77	4	36	32	66	74	30	21	4	17	61	26	27	84	97	45	57	6	94	97	12	89	66	11	90	70	84	10	79	28	89	50	29	46	63	70	66	73	52	96	16	55	88	29	45	99	42	3	84	95	94	81
36	35	96	22	60	93	96	77	9	99	20	25	73	62	65	89	21	92	30	71	5	22	54	34	68	59	95	49	14	92	69	34	52	83	88	98	52	16	48	13	14	76	80	57	75	97	33	8	76	89	27	43	18	14	76	70	21	31	56	72	77	34	94	60	32	63	24	5	86	20	12	88	23	66	65	76	63	52	81	22	86	2	26	83	69	25	51	47	6	3	6	32	15	89	94	57	91	50	23	82
7	35	85	99	43	43	14	83	61	90	90	42	40	19	86	33	4	54	73	46	42	84	11	75	77	80	18	50	76	17	5	17	25	22	70	17	77	27	28	50	32	12	44	79	98	93	68	62	20	21	15	90	29	61	30	44	2	85	34	16	66	98	63	72	79	95	85	3	4	40	63	4	84	27	52	86	67	48	28	3	39	52	67	8	80	80	76	77	78	49	83	36	93	80	10	30	69	59	34	49
3	69	39	14	26	79	30	45	27	66	24	75	34	28	68	25	90	87	62	9	45	58	73	59	34	46	39	30	86	87	70	76	4	77	63	28	21	69	23	97	27	53	62	70	55	24	32	61	70	47	89	4	18	5	23	61	78	1	21	56	34	16	30	95	56	65	82	9	71	3	26	91	81	47	66	82	17	96	74	10	7	37	63	33	92	36	34	2	46	81	34	46	69	13	56	90	13	47	77	62

30	52	14	71	31	34	2	80	99	85	55	32	5	32	21	82	73	1	65	69	74	95	61	56	87	61	4	29	45	22	2	85	98	67	65	47	24	30	96	54	85	2	20	87	59	42	21	42	84	72	79	96	38	98	4	92	74	43	33	90	4	99	54	83	66	83	68	39	65	72	65	64	32	45	1	60	77	86	48	20	63	77	37	55	32	97	17	21	26	55	76	79	39	13	4	89	73	85	72	38
63	52	19	61	36	48	43	10	25	46	55	1	61	91	37	65	82	45	60	80	91	74	96	46	98	59	87	42	11	80	94	56	30	70	21	67	95	6	17	53	96	30	99	34	95	65	49	44	9	74	9	76	92	74	84	14	60	67	40	25	72	47	12	45	22	58	49	72	75	99	37	64	85	43	78	58	43	46	26	57	28	71	77	62	71	46	7	44	50	23	50	29	86	69	72	86	46	60	70	83
1	47	18	59	68	53	76	9	31	1	82	72	87	84	95	92	93	61	15	69	5	5	46	91	20	10	77	72	74	9	23	58	41	66	75	92	98	30	60	36	62	95	75	67	91	22	80	19	32	19	41	99	57	73	40	29	19	74	53	11	36	81	39	90	34	43	82	93	18	22	39	75	21	71	85	51	73	42	48	80	85	57	34	81	19	85	95	31	73	15	45	23	3	95	62	64	64	75	74	65
80	89	57	6	53	54	46	89	59	52	30	25	14	34	82	3	96	56	9	32	19	73	21	32	63	86	10	42	29	28	88	21	8	28	90	46	1	67	44	42	75	79	61	59	79	18	72	99	73	14	8	27	77	48	10	44	63	76	6	25	66	81	26	53	90	66	27	28	3	66	9	1	78	10	42	93	69	54	85	9	90	9	22	37	33	25	74	7	71	20	89	28	66	5	27	30	45	38	80	56
87	88	38	4	40	55	44	76	39	74	9	82	10	8	61	67	21	52	2	87	46	3	24	33	88	59	36	57	29	90	36	79	71	16	55	67	26	53	43	76	27	71	82	58	9	75	99	32	38	43	82	60	42	54	79	5	34	85	93	76	22	93	91	87	42	9	11	14	33	7	13	18	97	31	44	68	65	26	60	45	59	44	36	98	51	49	73	83	16	99	87	9	46	76	25	47	49	79	98	3

16	9	16
6	13	16
19	9	10
12	15	14

J1	369
J2	0
J3	357
J4	306
J5	345
J6	0
J7	321
J8	31
J9	0
J10	0
J11	283
J12	339
J13	0
J14	0
J15	214
J16	271
J17	119
J18	0
J19	90
J20	67
J21	182
J22	0
J23	0
J24	47
J25	142
J26	94
J27	0
J28	0
J29	101
J30	13
J31	336
J32	65
J33	0
J34	0
J35	223
J36	0
J37	0
J38	350
J39	0
J40	0
J41	25
J42	370
J43	0
J44	0
J45	110
J46	0
J47	0
J48	3
J49	79
J50	0
J51	0
J52	0
J53	9
J54	0
J55	3
J56	0
J57	186
J58	120
J59	0
J60	0
J61	3
J62	0
J63	42
J64	0
J65	0
J66	0
J67	0
J68	0
J69	299
J70	0
J71	0
J72	0
J73	163
J74	0
J75	0
J76	8
J77	367
J78	145
J79	154
J80	204
J81	0
J82	153
J83	0
J84	72
J85	0
J86	81
J87	180
J88	50
J89	72
J90	0
J91	0
J92	378
J93	360
J94	89
J95	0
J96	337
J97	0
J98	286
J99	0
J100	0

J1	1908
J2	1113
J3	1104
J4	1087
J5	1942
J6	368
J7	2236
J8	476
J9	937
J10	537
J11	905
J12	3125
J13	2338
J14	2217
J15	1411
J16	2253
J17	2746
J18	446
J19	3126
J20	1105
J21	779
J22	688
J23	2056
J24	519
J25	682
J26	622
J27	761
J28	692
J29	857
J30	2050
J31	3206
J32	1013
J33	2289
J34	492
J35	1015
J36	626
J37	2946
J38	3104
J39	2826
J40	2383
J41	1172
J42	1698
J43	557
J44	1038
J45	600
J46	416
J47	1220
J48	2590
J49	731
J50	1599
J51	2049
J52	1158
J53	2204
J54	1284
J55	2186
J56	2895
J57	2543
J58	1355
J59	2427
J60	2315
J61	2735
J62	983
J63	1956
J64	447
J65	637
J66	505
J67	863
J68	2365
J69	2988
J70	2941
J71	1868
J72	1283
J73	786
J74	903
J75	617
J76	867
J77	2225
J78	841
J79	747
J80	2581
J81	760
J82	699
J83	2474
J84	488
J85	743
J86	837
J87	601
J88	2601
J89	1307
J90	2388
J91	733
J92	3046
J93	2102
J94	648
J95	785
J96	729
J97	569
J98	775
J99	643
J100	2959
