calib_50j_4f_5o_8s_3m_idx41
50
4
5
8
3
61	82	16	34	97	75	91	60	69	58	8	88	19	60	31	60	89	70	2	30	16	72	30	50	68	97	3	58	91	64	90	91	34	12	12	68	79	57	8	37	83	80	88	21	72	88	58	25	98	18
12	44	23	89	59	61	64	86	83	63	50	76	43	74	38	37	63	93	71	68	19	78	74	21	22	24	60	56	46	28	71	36	1	47	45	31	80	25	70	23	88	39	71	82	48	86	23	98	97	5
14	93	64	16	77	25	3	22	90	50	13	67	30	66	63	27	93	89	29	86	48	39	91	71	81	98	40	82	73	38	73	99	91	56	87	52	78	98	89	18	10	72	46	96	71	20	43	67	31	58
7	55	91	65	95	70	19	69	45	29	22	8	57	89	94	42	80	9	62	76	21	26	62	82	22	70	60	78	69	7	54	33	47	75	59	51	59	52	75	67	1	71	14	82	7	83	48	79	86	37
43	41	86	39	62	48	67	93	9	63	14	56	32	25	69	8	95	85	74	18	76	51	99	55	83	74	92	66	48	70	72	29	49	24	88	62	19	49	15	51	62	6	77	93	17	24	69	19	85	30

36	79	13	88	20	46	6	27	43	24	12	66	24	20	30	28	10	39	84	81	84	30	3	75	14	48	95	7	47	42	43	6	79	21	23	70	63	86	61	80	25	80	82	50	57	60	13	83	49	36
38	88	28	65	29	72	48	3	85	20	54	50	41	64	3	65	11	10	51	89	23	52	53	70	31	13	93	53	61	75	36	17	36	87	8	1	88	38	45	61	15	89	50	17	2	92	4	73	54	8
99	22	68	16	32	41	10	7	86	64	92	73	30	40	7	3	88	57	43	28	89	96	75	16	65	90	31	51	37	25	40	61	56	37	91	59	93	43	20	90	78	45	34	66	6	34	54	85	48	27
43	6	20	94	68	69	8	62	97	62	7	25	24	79	48	64	47	26	21	82	49	21	73	34	94	71	91	25	9	44	91	55	33	60	89	7	52	6	77	26	42	93	42	82	47	5	66	82	6	15
23	88	9	17	69	9	9	48	79	3	6	56	28	98	82	64	73	14	48	60	85	60	8	9	80	46	24	44	90	15	93	35	39	57	23	43	30	60	30	86	7	3	37	15	63	15	41	73	81	26
84	65	7	56	74	60	91	6	90	2	28	88	38	7	97	72	96	76	9	40	13	16	88	72	65	30	10	33	2	45	78	48	26	38	81	65	33	76	99	82	20	50	44	89	89	31	90	36	96	89
62	59	82	18	90	71	3	95	12	24	80	6	27	10	39	72	90	19	50	33	7	64	7	87	71	90	35	28	4	30	65	3	22	43	80	15	26	78	84	11	4	68	72	76	33	68	96	70	16	39
32	68	9	64	28	14	43	83	14	70	89	64	20	57	77	90	82	87	66	96	61	72	85	81	46	47	81	86	21	78	63	80	10	18	42	70	81	32	10	83	16	91	11	71	8	89	41	36	18	15

18	13	6
5	8	5
16	18	20
20	11	19

J1	0
J2	0
J3	183
J4	60
J5	0
J6	36
J7	322
J8	0
J9	0
J10	219
J11	120
J12	0
J13	252
J14	0
J15	0
J16	0
J17	31
J18	198
J19	63
J20	143
J21	262
J22	305
J23	0
J24	0
J25	88
J26	261
J27	13
J28	181
J29	0
J30	0
J31	79
J32	32
J33	319
J34	0
J35	0
J36	165
J37	278
J38	4
J39	0
J40	0
J41	118
J42	30
J43	139
J44	315
J45	197
J46	1
J47	126
J48	92
J49	288
J50	27

J1	2091
J2	481
J3	2265
J4	1699
J5	593
J6	1024
J7	2835
J8	888
J9	499
J10	2434
J11	1747
J12	481
J13	2655
J14	603
J15	1121
J16	2490
J17	690
J18	1323
J19	2338
J20	466
J21	2610
J22	1166
J23	378
J24	750
J25	400
J26	626
J27	482
J28	838
J29	2371
J30	2432
J31	710
J32	2663
J33	2628
J34	2034
J35	639
J36	1949
J37	600
J38	774
J39	818
J40	742
J41	1959
J42	652
J43	801
J44	1162
J45	2308
J46	704
J47	811
J48	452
J49	907
J50	1706
