calib_20j_3f_10o_5s_3m_idx34
20
3
10
5
3
80	56	91	82	8	75	9	83	68	21	90	28	15	31	41	82	90	17	58	59
12	85	99	53	12	9	42	28	79	25	80	83	57	87	74	74	58	83	3	49
50	10	3	32	41	62	48	31	36	42	60	35	80	57	14	82	29	55	23	41
69	4	62	83	72	67	11	90	62	22	12	70	61	24	63	37	69	82	47	82
85	46	98	92	77	6	94	63	36	20	31	7	49	19	34	36	49	40	22	95
67	82	42	46	43	20	94	61	71	2	25	75	62	30	28	38	52	45	67	55
36	93	7	49	19	79	91	49	54	48	32	35	7	83	43	3	58	65	99	91
89	99	92	73	82	57	89	13	18	24	64	6	38	64	52	70	20	18	64	50
74	6	30	68	97	47	61	14	17	10	71	55	31	75	14	48	40	3	60	58
81	69	57	98	44	94	52	42	10	77	2	83	84	67	91	35	18	50	9	63

96	65	63	40	73	13	2	24	67	37	23	23	40	65	62	4	65	68	82	85
89	9	53	75	3	54	90	96	92	20	34	88	28	82	83	4	66	95	49	91
84	21	12	23	53	53	18	94	84	90	91	91	2	5	94	13	27	43	1	44
64	53	98	58	55	74	71	47	75	19	29	82	44	45	8	55	41	55	9	58
97	81	2	55	80	35	38	44	34	58	37	18	23	12	26	70	17	10	75	14

17	18	18
9	19	5
5	7	9

J1	103
J2	0
J3	250
J4	0
J5	0
J6	0
J7	0
J8	0
J9	0
J10	365
J11	337
J12	0
J13	0
J14	52
J15	370
J16	0
J17	0
J18	0
J19	0
J20	133

J1	890
J2	706
J3	1014
J4	628
J5	1106
J6	852
J7	453
J8	1307
J9	483
J10	2909
J11	3126
J12	781
J13	2985
J14	812
J15	2756
J16	2357
J17	1891
J18	871
J19	2694
J20	1027
