calib_50j_3f_10o_5s_3m_idx25
50
3
10
5
3
7	38	48	47	71	28	16	17	9	69	6	81	36	8	65	14	69	83	76	25	37	57	20	31	16	11	81	71	78	55	69	17	16	45	11	65	66	98	80	69	70	16	32	95	54	50	88	26	64	97
65	21	53	73	93	9	26	25	93	17	35	88	16	79	37	18	95	74	45	37	28	4	45	33	71	1	79	22	15	72	60	91	3	47	88	58	11	80	12	30	14	71	48	96	92	10	42	31	26	72
82	80	57	14	61	78	80	29	61	58	55	75	63	99	47	21	16	75	88	65	27	74	52	16	52	2	12	97	58	4	71	25	47	38	89	58	30	57	50	81	59	42	85	36	33	80	37	56	57	8
79	18	98	78	56	94	10	67	40	54	6	40	61	85	37	88	19	59	41	23	40	96	93	27	90	5	37	1	21	18	11	46	45	92	4	65	20	3	64	65	2	83	30	60	52	93	41	50	43	8
35	4	91	74	47	76	23	20	4	14	66	77	86	94	43	54	41	29	79	42	13	85	21	83	43	60	45	40	42	52	67	33	3	10	80	66	20	78	75	83	13	61	6	97	2	37	20	8	75	58
46	83	86	95	87	71	58	95	12	89	84	31	75	9	57	77	36	33	88	9	90	97	91	71	39	33	76	60	22	64	42	46	70	48	52	60	88	56	1	57	74	86	81	44	25	91	96	25	29	13
12	45	20	1	67	39	46	57	74	18	60	77	97	25	93	39	71	18	49	98	24	50	13	45	72	22	5	62	94	29	35	81	92	72	1	6	18	18	21	22	84	36	2	3	71	62	70	45	93	31
20	63	15	65	32	53	23	65	82	10	32	60	65	78	47	36	32	82	2	16	63	90	26	81	30	19	44	5	71	17	84	44	24	82	27	42	74	26	94	60	77	75	47	33	20	11	94	88	33	57
99	63	79	14	14	46	98	84	35	21	7	65	50	31	20	72	62	35	14	49	32	53	81	70	68	78	15	77	87	47	18	36	84	1	92	53	32	39	94	8	34	82	37	57	45	5	55	28	25	76
7	23	36	54	15	8	36	82	59	90	69	30	4	16	48	62	7	5	63	50	54	37	22	28	3	89	19	27	35	58	50	16	43	40	77	24	75	76	61	68	29	94	37	64	52	22	91	85	16	40

47	18	32	70	45	91	64	5	11	20	50	24	63	45	81	41	4	15	83	85	86	79	50	37	3	30	90	27	49	41	85	33	3	34	81	47	9	91	98	88	54	8	58	70	66	97	37	14	43	66
39	66	94	94	57	84	78	28	5	56	70	50	21	98	14	95	24	85	53	39	57	96	19	62	7	65	51	77	99	78	97	58	8	24	88	64	64	64	66	87	80	31	42	57	65	18	9	36	76	76
90	98	79	41	81	94	9	27	99	28	53	67	20	15	30	2	75	17	40	9	43	77	31	94	7	23	37	90	79	5	10	37	60	68	7	5	38	10	95	19	50	45	41	36	44	17	4	26	76	64
66	79	33	76	41	93	70	60	73	31	60	62	65	82	3	23	1	6	14	21	25	71	19	44	92	4	83	14	2	57	98	11	13	23	56	15	20	25	66	57	25	46	42	64	19	54	72	93	98	62
94	22	25	21	38	46	3	37	4	37	17	86	41	83	89	39	31	9	97	1	25	42	8	58	94	63	70	55	34	65	99	2	48	18	39	75	4	79	20	13	26	77	92	3	18	20	67	21	78	77

13	9	9
5	7	15
19	20	15

J1	6
J2	253
J3	0
J4	118
J5	64
J6	0
J7	0
J8	0
J9	306
J10	279
J11	0
J12	0
J13	0
J14	105
J15	0
J16	355
J17	259
J18	0
J19	0
J20	311
J21	136
J22	0
J23	113
J24	0
J25	0
J26	0
J27	0
J28	209
J29	230
J30	234
J31	0
J32	12
J33	237
J34	169
J35	224
J36	0
J37	0
J38	267
J39	314
J40	0
J41	0
J42	322
J43	0
J44	197
J45	251
J46	118
J47	0
J48	18
J49	204
J50	0

J1	913
J2	1555
J3	430
J4	932
J5	839
J6	451
J7	2712
J8	600
J9	3101
J10	2845
J11	2830
J12	411
J13	926
J14	751
J15	976
J16	1910
J17	3043
J18	2188
J19	467
J20	1921
J21	2798
J22	800
J23	2731
J24	768
J25	1867
J26	1956
J27	920
J28	1124
J29	1171
J30	2347
J31	530
J32	1630
J33	3044
J34	2403
J35	604
J36	1287
J37	2627
J38	817
J39	876
J40	635
J41	1116
J42	731
J43	1204
J44	619
J45	2818
J46	1692
J47	479
J48	2450
J49	645
J50	540
