calib_50j_4f_5o_5s_3m_idx39
50
4
5
5
3
85	61	39	54	11	86	21	99	82	24	43	78	87	9	27	69	88	27	78	72	52	92	59	57	74	70	46	35	96	24	91	86	74	78	64	2	55	83	30	76	19	68	38	96	12	70	46	27	53	55
59	90	89	75	10	7	8	55	80	98	34	33	53	53	73	88	4	22	49	39	65	40	2	83	75	41	25	10	8	78	25	80	63	34	40	15	35	91	42	82	78	45	43	69	70	10	96	67	40	36
10	29	22	27	66	32	31	59	94	87	59	47	29	72	34	40	84	76	73	3	13	16	46	90	42	1	86	58	99	12	84	27	82	9	84	4	50	3	27	99	58	61	96	80	80	32	55	51	28	28
34	67	4	61	77	21	47	38	90	84	49	95	33	86	63	56	99	49	86	45	40	85	59	32	11	13	73	91	72	98	5	95	42	4	87	15	50	24	64	65	5	97	3	92	23	97	54	84	42	96
94	66	31	26	53	30	30	31	47	39	91	30	86	36	79	76	11	6	1	99	14	93	63	62	81	46	23	42	33	27	80	56	33	49	50	93	17	17	91	89	96	72	50	35	30	80	53	87	16	96

89	51	30	62	14	48	88	81	59	91	35	65	18	37	63	22	22	19	59	52	19	55	33	52	61	84	32	26	67	96	60	79	94	62	11	28	42	72	91	73	18	44	42	34	99	99	92	46	69	10
64	90	5	35	59	37	32	1	1	27	39	85	34	36	83	48	24	8	7	89	50	62	73	63	24	79	29	48	21	35	89	99	68	91	20	40	6	17	47	12	56	11	17	10	71	9	61	59	80	12
27	56	74	90	84	82	9	47	1	60	77	67	73	96	86	50	33	9	18	41	86	59	72	37	87	55	50	13	26	73	38	82	63	71	21	17	3	90	3	68	13	78	31	57	8	16	2	24	82	37
43	71	41	6	26	12	42	17	73	73	67	43	84	93	71	74	18	22	89	1	97	54	25	7	4	54	45	78	89	42	36	65	5	78	77	15	57	89	89	27	71	89	62	51	54	2	19	79	12	88
9	49	45	30	14	98	5	8	15	46	5	38	34	65	97	5	61	68	29	5	50	35	99	38	48	73	89	37	50	6	80	13	50	68	80	22	53	73	60	32	53	95	26	96	50	31	28	93	88	9

11	13	5
10	5	17
5	14	19
18	14	6

J1	241
J2	0
J3	0
J4	211
J5	0
J6	31
J7	131
J8	82
J9	162
J10	0
J11	0
J12	0
J13	0
J14	0
J15	233
J16	142
J17	0
J18	0
J19	0
J20	144
J21	0
J22	0
J23	0
J24	0
J25	7
J26	0
J27	180
J28	0
J29	0
J30	0
J31	8
J32	165
J33	0
J34	0
J35	143
J36	254
J37	97
J38	254
J39	190
J40	0
J41	0
J42	0
J43	63
J44	144
J45	133
J46	0
J47	0
J48	0
J49	0
J50	129

J1	1125
J2	741
J3	1146
J4	1704
J5	1613
J6	1785
J7	1674
J8	1502
J9	689
J10	448
J11	658
J12	531
J13	805
J14	416
J15	527
J16	656
J17	1776
J18	1907
J19	1507
J20	1181
J21	1573
J22	411
J23	446
J24	594
J25	647
J26	662
J27	944
J28	1761
J29	376
J30	541
J31	457
J32	550
J33	260
J34	458
J35	1228
J36	1281
J37	1734
J38	575
J39	589
J40	395
J41	1770
J42	270
J43	1448
J44	394
J45	834
J46	1888
J47	673
J48	331
J49	526
J50	1385
