calib_200j_4f_10o_8s_4m_idx28
200
4
10
8
4
12	60	28	40	58	8	53	72	38	58	61	57	29	56	97	92	70	56	4	4	6	77	19	97	46	5	1	76	32	52	33	90	34	38	50	89	78	37	89	91	26	19	34	91	47	40	96	95	53	58	7	21	72	89	15	22	89	26	9	82	6	91	80	31	96	50	44	56	45	53	69	45	99	6	4	74	92	25	5	59	74	13	69	33	88	78	47	88	85	77	68	23	54	82	86	75	50	39	93	49	81	46	16	17	10	21	79	19	2	12	6	30	32	56	20	4	99	35	94	62	15	98	77	49	46	12	61	1	16	41	73	30	22	26	19	59	43	4	9	35	53	78	84	23	38	52	17	79	69	87	98	62	48	88	68	47	77	59	29	90	97	66	2	22	59	11	75	91	52	34	45	90	78	91	12	12	31	60	29	89	20	19	13	18	10	26	66	94	59	30	65	37	30	97	15	97	95	79	35	13
51	26	19	3	33	34	69	22	72	33	62	70	70	5	44	74	73	7	29	45	73	16	99	55	52	88	73	97	63	77	88	14	44	25	52	23	96	87	95	72	72	46	3	15	17	79	51	94	25	60	73	60	56	72	71	23	86	5	77	79	46	4	37	50	4	44	81	76	23	9	86	45	51	99	68	25	52	44	61	34	1	85	20	16	29	24	15	47	64	20	54	82	27	17	29	73	82	39	64	11	17	49	10	9	98	79	44	16	45	39	25	75	98	61	10	14	45	93	80	91	17	55	44	82	69	74	73	87	30	50	26	13	46	71	96	50	92	54	59	69	29	3	73	74	84	71	4	57	78	36	10	94	40	85	20	49	20	34	87	88	45	26	33	9	28	32	94	23	61	44	17	9	42	49	52	44	40	91	8	66	19	82	9	88	62	21	77	77	85	34	79	47	86	46	92	79	1	96	50	18
73	64	44	54	60	56	4	37	72	88	85	97	40	47	21	51	18	85	73	18	82	62	4	31	3	35	81	6	44	40	81	61	20	48	55	98	61	43	18	12	51	74	26	40	25	62	46	14	5	34	51	74	54	62	23	37	76	88	8	31	32	79	45	53	57	64	59	44	93	73	33	58	12	31	16	21	3	3	89	83	95	47	89	58	6	42	45	5	49	88	61	26	92	59	58	48	5	18	65	14	91	96	76	41	95	81	53	85	86	7	1	2	40	29	66	18	8	77	86	54	91	85	46	10	81	19	19	45	59	67	65	24	92	54	52	19	32	8	27	9	82	45	1	99	89	44	4	1	63	59	98	89	6	94	84	76	90	86	77	12	78	44	34	9	49	39	99	21	9	51	38	36	99	15	22	87	58	62	23	90	9	44	53	61	65	27	70	17	81	62	90	3	70	47	49	11	98	34	51	89
65	45	69	50	62	50	85	33	62	20	90	98	31	25	94	37	42	43	1	45	5	59	13	19	8	97	88	80	28	76	56	23	9	67	80	13	83	12	28	69	93	85	42	84	56	35	88	56	99	81	12	88	94	78	55	51	8	68	6	18	8	50	11	81	48	53	3	63	66	56	64	44	44	74	14	42	47	15	1	92	32	26	86	43	72	42	99	44	90	56	58	38	86	62	50	49	1	65	81	36	85	65	69	68	11	98	43	14	44	89	64	65	35	69	42	22	64	30	90	75	2	60	15	17	71	34	52	59	80	11	50	75	52	25	31	37	11	48	86	5	45	4	5	40	37	23	15	63	77	98	55	56	66	84	19	8	59	8	25	8	70	15	15	8	86	32	55	47	28	59	32	14	98	16	90	27	94	68	16	78	31	75	63	96	29	55	76	39	45	37	28	29	81	28	93	83	16	5	49	58
72	20	2	38	73	66	14	57	63	50	63	67	43	58	95	87	39	49	14	82	41	48	78	58	79	8	10	48	35	7	9	78	45	5	63	64	40	1	11	82	21	20	10	32	23	2	66	11	82	37	6	27	35	5	3	39	42	20	85	76	97	83	7	16	65	30	98	39	91	44	47	80	48	76	24	39	37	26	14	21	33	33	29	16	30	6	13	48	30	26	91	45	38	82	90	58	45	59	86	43	45	58	69	81	52	29	23	93	48	42	56	76	31	94	95	97	57	64	38	73	27	29	8	69	97	94	21	51	74	7	23	43	46	40	75	75	8	87	79	40	74	44	66	2	20	68	28	11	39	19	77	18	97	4	14	46	36	37	8	63	25	9	94	66	2	83	74	55	90	20	53	94	48	34	35	28	47	37	62	31	5	83	82	18	20	19	41	18	46	34	81	50	26	31	49	12	74	66	11	64
62	76	42	84	30	13	37	70	58	89	95	17	61	98	60	19	7	1	36	46	24	60	20	85	80	63	29	11	13	39	72	14	62	33	91	72	17	80	8	67	5	68	41	4	20	48	80	19	44	8	15	19	90	61	82	20	53	17	45	9	35	73	98	60	47	61	52	56	37	59	61	73	19	56	73	27	28	8	30	18	99	17	1	29	22	22	15	60	23	27	35	90	25	18	76	70	19	80	59	6	24	69	45	11	47	83	24	11	45	7	88	40	89	44	10	33	67	42	8	72	85	87	65	37	93	26	22	78	91	28	58	2	22	4	14	28	66	44	56	35	69	30	76	88	49	73	4	6	97	48	71	27	56	26	88	82	50	93	83	10	36	37	33	28	85	8	44	50	60	29	94	81	28	55	89	26	16	99	95	34	90	36	65	35	58	37	90	70	75	36	71	4	77	35	39	3	86	51	90	82
18	78	74	5	69	44	94	69	36	33	32	41	21	26	95	59	80	78	32	99	79	38	85	6	2	84	8	33	2	82	59	19	51	7	11	25	61	63	11	55	11	92	78	17	17	24	77	26	4	77	51	58	59	95	71	67	79	40	69	91	27	94	28	61	2	89	5	97	68	29	46	30	45	47	57	35	28	77	60	72	11	59	68	65	52	52	10	9	14	83	19	53	11	11	65	92	21	66	40	13	18	15	65	47	58	59	73	83	19	8	44	54	11	68	67	80	72	91	21	26	65	82	45	20	76	35	69	22	33	97	5	88	33	61	35	89	82	59	1	51	45	90	21	18	4	98	2	13	6	19	27	28	61	45	21	44	17	78	7	67	16	81	13	44	52	25	88	59	21	52	15	44	98	96	42	54	17	26	90	42	72	76	16	60	47	41	97	31	73	40	27	43	87	98	52	81	25	77	95	11
91	42	60	23	31	26	46	37	96	97	55	33	5	48	66	97	6	4	44	86	21	11	48	59	7	54	32	53	81	88	55	37	93	84	29	87	93	57	90	60	77	89	8	73	48	39	39	15	1	20	6	14	36	63	17	17	42	26	35	80	94	84	70	65	19	26	44	24	55	65	71	82	97	46	24	1	76	17	67	82	65	92	4	3	71	12	2	72	8	4	49	29	74	78	12	16	92	58	92	58	26	61	76	6	53	60	64	84	23	91	95	1	97	20	75	62	73	77	34	92	36	67	27	9	86	13	55	88	25	23	19	87	78	24	82	24	26	28	82	76	88	14	33	77	30	28	48	5	28	37	75	59	60	37	97	94	96	3	59	48	27	15	68	71	86	81	58	9	55	55	46	62	45	97	36	8	99	86	11	68	7	48	10	11	94	83	47	31	55	3	79	10	38	82	73	63	44	54	92	75
99	79	72	1	5	47	20	91	31	97	24	16	17	52	71	51	14	38	91	74	62	66	56	37	88	99	49	44	14	97	23	40	42	60	47	86	45	72	69	32	92	17	97	97	61	77	61	81	57	47	66	8	62	62	47	24	66	6	65	15	57	92	17	87	97	50	23	77	12	37	94	67	47	71	31	51	9	51	27	27	2	1	48	19	61	1	10	69	23	52	9	54	80	77	17	60	16	13	98	85	68	3	98	27	21	91	31	56	49	54	54	45	1	14	42	76	8	17	64	78	64	40	90	33	81	61	10	17	96	61	6	45	47	44	71	61	25	81	51	38	17	7	11	68	97	28	66	96	58	95	62	68	53	93	44	84	84	21	64	85	83	53	45	63	97	55	29	2	24	16	4	12	35	82	48	7	53	69	61	18	70	96	84	55	38	65	85	71	40	47	96	17	34	41	51	68	22	96	28	95
22	3	61	62	90	89	17	97	80	77	30	68	25	41	76	33	18	32	7	88	19	27	60	61	86	29	21	17	73	70	8	21	1	9	64	34	20	61	72	53	56	45	18	89	89	82	68	46	26	72	83	71	78	39	28	33	95	45	66	50	71	10	60	68	50	89	43	28	79	53	27	60	32	93	47	76	14	17	87	83	39	87	2	86	57	2	53	97	39	22	80	52	75	27	78	83	57	5	80	23	35	63	12	68	7	92	52	15	54	31	36	4	87	21	95	90	22	86	40	47	14	22	12	20	21	69	19	82	82	17	72	87	17	16	58	7	3	11	14	9	23	1	28	93	33	23	90	17	30	31	77	54	97	3	92	55	61	19	93	62	5	74	92	26	57	19	84	8	83	42	5	86	62	47	92	19	94	71	8	20	21	21	11	94	63	50	10	46	35	26	34	31	44	32	55	65	83	42	62	46

39	26	42	26	38	98	19	92	89	29	56	25	14	76	8	26	14	68	84	75	44	58	39	27	89	27	96	49	81	98	54	14	47	26	44	74	48	70	68	93	24	8	66	70	63	97	33	32	1	14	6	82	53	82	3	13	44	94	16	41	23	14	47	26	54	10	6	79	65	67	37	20	18	78	6	37	25	99	45	58	23	69	29	98	97	95	21	78	82	76	30	28	54	40	72	3	65	45	60	96	89	8	95	58	15	2	43	96	82	40	71	11	77	31	50	87	19	17	13	87	16	46	74	33	81	17	10	31	94	23	30	38	24	47	27	26	40	71	37	53	85	22	6	96	82	71	69	41	2	57	81	33	29	97	50	13	48	38	39	68	44	3	48	91	35	16	19	21	84	57	85	80	7	48	34	44	7	58	30	65	50	60	36	38	56	34	96	10	30	48	24	62	8	82	2	24	1	7	38	88
24	18	73	83	67	18	45	97	50	69	76	53	52	76	93	4	99	64	12	37	77	23	87	32	35	38	55	36	37	61	95	4	61	82	32	84	60	5	21	72	4	13	65	53	67	72	47	2	10	8	3	59	61	76	33	84	69	93	82	99	22	92	21	51	12	62	82	28	91	9	50	71	6	27	56	44	81	31	84	62	88	18	31	83	92	63	21	20	93	16	64	85	3	36	60	56	59	41	75	35	19	14	21	94	6	36	2	84	47	52	80	60	87	33	56	60	61	45	85	94	14	7	23	14	97	1	64	83	38	8	5	79	57	95	61	17	56	88	90	9	87	44	10	36	43	80	77	50	83	45	28	38	37	66	35	11	47	96	61	88	61	55	23	17	52	47	52	96	62	94	88	19	47	1	82	82	41	80	75	4	3	58	82	73	74	39	71	12	76	19	29	45	11	64	65	33	51	85	22	14
90	94	10	92	62	85	50	17	11	31	1	25	68	15	1	50	80	34	77	75	26	12	45	84	47	4	1	77	33	80	92	72	82	7	43	17	24	43	71	32	49	76	45	24	99	18	77	27	27	97	50	74	38	30	93	92	29	37	53	77	36	6	52	9	75	58	15	11	15	47	78	53	76	61	80	98	56	23	65	22	37	58	31	43	89	37	33	76	87	10	18	91	11	77	91	13	90	73	57	50	91	89	61	50	60	15	78	35	5	67	59	5	34	71	78	80	68	14	33	14	62	49	65	43	75	96	58	85	55	13	21	65	14	47	96	95	57	26	38	25	6	3	90	17	44	77	59	61	74	98	93	76	52	83	35	94	14	25	5	85	11	78	3	6	54	73	42	71	56	80	21	46	37	4	80	85	84	95	84	83	73	94	34	5	75	16	34	19	66	41	77	95	61	18	1	34	95	2	73	52
95	13	98	15	70	50	48	91	93	7	71	8	5	3	22	62	83	73	76	40	3	33	75	12	55	18	64	79	73	38	73	82	9	87	46	39	23	94	33	81	55	8	39	95	93	21	39	64	86	75	90	46	39	68	70	95	52	85	76	5	93	53	59	53	64	94	64	4	47	75	86	20	94	47	90	63	6	15	39	42	17	67	2	25	53	54	12	20	30	52	66	26	15	90	66	41	80	41	36	11	95	54	57	70	17	71	92	77	82	88	90	58	51	38	35	47	80	65	10	68	85	64	87	28	7	28	57	9	74	30	65	61	57	1	35	32	92	45	81	21	77	50	54	81	54	61	22	36	41	48	63	95	8	76	60	74	90	85	94	65	35	19	73	81	80	2	58	70	72	4	69	91	72	31	72	2	59	45	22	56	28	96	85	97	63	80	47	15	40	11	67	79	97	97	3	52	67	95	84	56
55	70	46	33	97	61	8	61	97	69	4	88	90	58	92	62	89	4	92	35	49	19	34	18	69	48	31	99	92	94	94	1	81	21	80	68	80	53	48	23	40	93	74	33	50	11	1	81	38	89	58	2	35	99	28	85	86	75	39	19	26	74	87	13	42	89	23	89	10	96	62	50	92	51	97	10	15	98	92	35	41	45	20	73	40	14	99	63	35	88	44	64	45	16	10	22	23	57	12	41	22	13	3	42	66	54	95	63	78	32	75	14	23	11	44	41	6	73	96	33	86	33	63	85	11	16	8	79	32	51	90	23	57	75	42	38	1	47	93	82	95	16	29	78	23	29	94	66	71	95	1	51	95	57	83	75	86	41	76	60	69	44	66	95	3	30	29	54	99	12	95	6	28	58	75	37	88	68	6	68	18	91	68	35	63	7	11	48	9	56	45	99	16	93	48	83	64	50	79	42
77	86	85	34	39	81	96	1	19	80	52	93	17	13	62	37	81	54	36	49	10	52	67	34	95	61	37	90	56	90	86	5	8	16	48	65	91	80	50	55	10	86	7	10	56	62	84	29	1	30	27	2	3	25	97	9	20	84	3	95	15	81	80	38	96	85	95	56	73	73	82	57	78	2	84	14	18	70	26	73	16	8	77	2	44	35	54	53	11	52	42	63	61	69	44	19	32	83	68	85	2	23	84	16	79	82	65	59	37	18	30	26	84	71	14	11	39	3	75	27	75	31	38	28	64	3	35	63	66	22	53	52	74	14	62	12	28	34	52	86	70	17	8	49	50	61	93	78	91	70	67	75	65	32	82	4	5	32	22	74	68	71	9	88	90	72	80	95	89	4	58	14	69	26	66	37	62	34	1	79	91	77	5	11	52	15	33	17	93	41	96	96	1	73	96	2	35	55	79	89
46	51	2	49	77	90	49	25	16	27	84	8	1	98	92	2	59	36	36	64	67	94	61	49	33	42	53	26	62	90	6	48	48	67	15	93	71	10	15	13	47	64	5	37	14	87	76	93	68	90	66	34	14	16	75	9	76	59	75	1	58	38	50	25	68	89	50	72	22	25	54	77	24	26	76	23	77	35	77	58	50	60	73	18	32	1	29	92	83	48	27	15	21	82	44	57	12	20	6	23	23	95	55	42	63	37	6	6	84	29	39	89	14	67	16	17	54	1	19	24	71	88	9	44	82	52	61	31	39	4	78	40	50	42	6	54	20	12	26	11	30	87	25	63	72	94	65	69	56	11	75	30	53	93	75	34	25	24	51	62	85	78	45	30	72	76	34	39	4	38	10	26	54	90	28	95	30	50	97	30	60	1	80	63	44	46	85	82	53	48	24	78	67	59	23	28	21	20	83	24
80	1	28	73	24	12	20	71	62	20	18	69	14	87	83	83	31	64	87	29	21	42	26	91	99	13	41	95	59	49	82	34	90	14	61	62	23	54	49	1	46	73	63	90	53	99	10	29	77	17	92	7	5	99	28	87	4	45	48	89	38	88	10	91	28	64	88	70	67	93	8	99	55	87	9	84	57	16	49	59	54	37	8	66	30	42	65	82	75	88	39	14	51	66	42	55	85	7	59	87	49	11	75	42	88	15	24	93	96	94	32	36	8	19	54	63	43	89	86	65	76	39	32	5	79	51	16	12	83	45	82	95	68	85	1	27	89	42	68	45	80	4	25	83	99	46	15	3	90	62	25	95	70	15	96	13	56	2	16	74	12	97	38	48	76	79	92	15	24	17	72	99	3	30	64	64	45	31	76	34	45	84	25	36	21	31	85	64	38	76	37	43	31	37	54	74	28	43	35	89

16	10	19	17
16	11	7	11
12	13	5	6
12	15	6	15

J1	224
J2	0
J3	0
J4	0
J5	0
J6	388
J7	0
J8	0
J9	7
J10	0
J11	244
J12	41
J13	146
J14	20
J15	0
J16	116
J17	0
J18	216
J19	0
J20	0
J21	0
J22	426
J23	329
J24	230
J25	338
J26	0
J27	0
J28	0
J29	0
J30	16
J31	0
J32	212
J33	0
J34	0
J35	0
J36	0
J37	60
J38	0
J39	160
J40	2
J41	0
J42	0
J43	227
J44	0
J45	0
J46	0
J47	243
J48	345
J49	163
J50	324
J51	0
J52	0
J53	224
J54	0
J55	71
J56	0
J57	0
J58	362
J59	89
J60	435
J61	253
J62	41
J63	217
J64	220
J65	388
J66	0
J67	232
J68	254
J69	202
J70	0
J71	0
J72	374
J73	347
J74	0
J75	0
J76	0
J77	210
J78	439
J79	0
J80	0
J81	227
J82	208
J83	364
J84	0
J85	0
J86	0
J87	0
J88	444
J89	0
J90	0
J91	415
J92	0
J93	0
J94	176
J95	387
J96	0
J97	369
J98	0
J99	0
J100	0
J101	0
J102	0
J103	0
J104	0
J105	6
J106	233
J107	0
J108	0
J109	0
J110	55
J111	0
J112	0
J113	0
J114	358
J115	0
J116	0
J117	409
J118	173
J119	0
J120	180
J121	407
J122	236
J123	0
J124	354
J125	117
J126	0
J127	0
J128	15
J129	0
J130	152
J131	0
J132	0
J133	16
J134	0
J135	0
J136	0
J137	247
J138	247
J139	0
J140	236
J141	26
J142	395
J143	63
J144	424
J145	397
J146	410
J147	216
J148	60
J149	369
J150	74
J151	403
J152	240
J153	221
J154	274
J155	336
J156	142
J157	195
J158	0
J159	0
J160	205
J161	94
J162	0
J163	0
J164	0
J165	0
J166	0
J167	367
J168	384
J169	62
J170	0
J171	204
J172	156
J173	0
J174	0
J175	91
J176	68
J177	0
J178	408
J179	192
J180	0
J181	404
J182	0
J183	0
J184	248
J185	0
J186	0
J187	0
J188	0
J189	234
J190	0
J191	279
J192	0
J193	2
J194	184
J195	391
J196	333
J197	0
J198	0
J199	0
J200	62

J1	726
J2	1226
J3	1017
J4	3271
J5	677
J6	1813
J7	2914
J8	1085
J9	915
J10	472
J11	921
J12	1031
J13	2546
J14	2115
J15	542
J16	1578
J17	1051
J18	2293
J19	2974
J20	507
J21	2092
J22	3722
J23	1252
J24	2791
J25	733
J26	3509
J27	3277
J28	674
J29	1261
J30	1019
J31	503
J32	3738
J33	1857
J34	2291
J35	938
J36	1284
J37	759
J38	921
J39	2891
J40	708
J41	2953
J42	1082
J43	3015
J44	1163
J45	1188
J46	502
J47	701
J48	3725
J49	3361
J50	1818
J51	3031
J52	2946
J53	1173
J54	942
J55	3070
J56	2887
J57	408
J58	1352
J59	1252
J60	1148
J61	3197
J62	1295
J63	1472
J64	2800
J65	1408
J66	1247
J67	1071
J68	743
J69	626
J70	408
J71	1264
J72	1515
J73	1274
J74	606
J75	1533
J76	2593
J77	3525
J78	3437
J79	1272
J80	444
J81	3310
J82	2780
J83	2310
J84	3316
J85	475
J86	2001
J87	2454
J88	1071
J89	1089
J90	966
J91	1610
J92	1531
J93	2409
J94	596
J95	793
J96	1940
J97	3326
J98	2949
J99	683
J100	2085
J101	2486
J102	1989
J103	541
J104	2169
J105	2348
J106	812
J107	1350
J108	573
J109	1792
J110	2198
J111	1228
J112	2071
J113	937
J114	3304
J115	933
J116	1019
J117	1206
J118	1509
J119	622
J120	612
J121	2252
J122	877
J123	2472
J124	3608
J125	1087
J126	2168
J127	3382
J128	2333
J129	716
J130	1971
J131	2589
J132	1509
J133	823
J134	2993
J135	1102
J136	3299
J137	3146
J138	3175
J139	941
J140	3473
J141	951
J142	2188
J143	2857
J144	975
J145	1518
J146	892
J147	3441
J148	3058
J149	1189
J150	835
J151	1048
J152	723
J153	892
J154	912
J155	1021
J156	1408
J157	623
J158	2782
J159	1419
J160	1053
J161	1118
J162	983
J163	3311
J164	2972
J165	426
J166	2469
J167	894
J168	3319
J169	699
J170	1849
J171	2547
J172	1117
J173	2099
J174	1005
J175	630
J176	3134
J177	540
J178	862
J179	3687
J180	426
J181	2841
J182	699
J183	2415
J184	1759
J185	1159
J186	2659
J187	766
J188	2992
J189	736
J190	3399
J191	947
J192	1440
J193	2564
J194	874
J195	1430
J196	1701
J197	1197
J198	501
J199	445
J200	812
