calib_200j_4f_5o_5s_3m_idx15
200
4
5
5
3
57	63	53	52	1	85	14	99	74	28	57	55	63	80	38	76	98	29	64	17	8	27	8	30	79	53	21	76	55	42	2	9	91	90	51	40	10	68	68	58	34	4	27	55	78	43	68	21	90	59	96	39	99	16	16	30	57	10	86	87	39	40	32	75	37	10	68	81	42	73	46	60	26	56	3	5	79	7	79	78	59	69	4	14	58	14	97	5	18	24	47	95	96	29	79	98	74	50	93	30	44	22	98	64	37	33	72	46	33	40	9	50	26	40	24	94	87	14	92	82	82	44	83	31	72	28	21	18	58	98	20	79	4	7	47	93	32	83	77	68	88	49	20	43	59	50	20	69	51	97	16	4	86	26	32	94	8	15	31	22	15	22	51	10	65	83	33	38	88	2	57	27	47	45	34	71	99	49	99	54	86	98	65	76	75	35	12	30	94	43	1	70	18	12	24	41	50	2	78	46
2	48	37	34	39	55	36	82	63	7	80	66	3	27	15	3	32	98	14	85	48	20	60	54	77	67	35	52	68	89	49	74	45	85	28	99	73	44	17	11	7	22	70	31	53	9	80	85	7	29	38	43	3	27	58	73	24	89	28	14	50	13	98	87	34	77	42	87	31	60	62	75	78	75	33	99	40	16	74	66	93	52	73	69	59	64	99	53	64	48	80	59	14	30	41	1	18	51	14	15	14	46	77	58	91	88	7	75	41	66	76	48	70	71	75	47	90	67	66	85	22	65	46	46	15	50	24	57	70	95	41	63	98	94	11	73	34	64	43	58	76	11	90	42	3	97	77	88	88	31	46	31	56	47	72	13	66	52	59	44	53	41	61	58	32	84	65	95	47	11	67	21	57	43	55	61	27	38	13	48	48	2	81	84	5	61	59	63	64	37	56	43	87	28	44	16	91	70	56	49
61	30	27	39	22	84	31	98	12	2	1	6	3	3	97	46	5	28	35	40	73	54	42	65	10	81	28	12	32	93	29	68	37	87	23	27	49	72	27	47	55	36	14	84	11	47	24	43	82	33	21	61	4	93	83	13	78	21	96	66	46	25	57	87	19	38	77	20	21	41	64	14	33	38	81	9	17	59	38	52	17	96	9	25	26	21	33	13	64	80	30	32	87	94	19	16	35	92	91	31	56	78	37	87	95	36	67	80	37	6	50	24	87	97	32	35	27	98	19	45	97	12	69	85	60	92	65	16	75	52	19	81	53	10	88	86	15	24	41	46	82	88	96	45	91	79	67	64	47	5	50	81	71	86	43	63	71	11	47	44	48	11	4	11	88	86	74	18	92	55	84	97	27	98	3	94	62	70	41	75	14	71	16	46	14	28	68	4	83	28	65	46	32	94	99	21	67	91	90	79
41	53	86	21	80	92	26	64	58	39	39	94	96	75	97	56	72	33	17	11	97	21	17	4	95	96	86	27	85	8	31	86	21	67	84	28	74	58	84	92	15	3	52	13	33	33	17	77	14	17	54	91	87	83	32	67	70	56	77	69	73	21	24	38	69	78	97	28	48	96	98	99	59	26	57	76	32	31	86	14	96	84	61	54	86	65	97	32	50	71	96	43	72	38	37	59	48	10	45	31	46	72	53	86	89	14	91	50	99	93	72	27	91	36	76	7	89	39	98	61	82	3	51	32	51	80	40	35	45	84	18	27	11	41	71	73	75	98	42	24	70	9	36	57	82	62	40	7	92	21	15	27	18	48	72	70	93	5	70	42	78	65	95	95	62	15	24	84	63	81	36	94	84	50	95	50	85	4	40	87	58	44	10	59	10	44	61	88	81	61	76	69	14	86	76	64	22	7	61	56
25	26	69	20	10	76	54	68	84	15	42	39	52	58	83	71	88	86	90	3	70	54	92	99	71	90	74	15	62	20	13	52	80	88	23	24	32	26	88	11	80	43	28	10	58	66	72	15	87	21	53	66	24	96	84	37	18	55	83	2	8	44	10	6	83	54	14	88	88	73	73	59	21	90	76	18	85	84	78	40	51	41	26	41	15	21	64	49	88	5	70	97	69	6	29	75	38	75	42	77	78	52	11	37	69	55	26	63	28	6	77	34	89	69	72	92	2	37	97	40	60	29	6	50	86	66	15	43	62	35	23	5	88	61	24	51	9	74	54	49	24	38	35	52	64	56	66	1	88	84	80	26	87	33	86	47	83	8	23	53	33	6	16	63	20	87	23	66	28	97	95	38	39	22	84	89	88	63	72	10	83	25	9	89	45	26	55	97	44	46	32	73	3	55	12	38	94	51	28	67

80	91	75	26	63	86	87	90	46	3	94	87	20	51	95	36	24	52	11	27	88	47	58	11	63	21	83	46	41	3	8	27	48	50	27	59	98	77	51	91	28	36	93	21	62	41	6	54	77	84	36	79	96	61	2	74	40	1	37	50	39	37	85	46	12	99	79	85	46	82	95	80	86	17	75	81	34	52	97	7	87	80	34	89	9	31	8	89	87	81	40	12	47	81	10	91	62	61	3	37	61	24	70	98	93	38	70	90	51	3	38	64	79	28	29	63	24	93	55	8	41	23	28	89	52	28	64	97	58	24	6	81	47	4	63	77	35	60	46	41	74	98	29	17	40	99	81	88	66	88	41	55	19	6	88	1	16	50	19	58	7	7	42	64	87	42	33	60	99	55	60	29	55	71	41	60	65	67	80	69	41	7	11	33	89	72	39	67	84	95	56	94	53	83	26	38	64	26	38	60
21	40	96	71	41	26	67	83	20	7	41	26	86	69	83	52	30	15	56	8	22	86	23	55	16	98	4	41	21	93	86	61	20	10	85	36	80	66	82	36	97	7	7	39	70	62	94	32	10	92	54	9	32	37	95	99	5	68	23	11	12	75	60	39	27	55	74	2	45	88	95	3	18	9	1	31	63	14	27	77	30	66	23	16	58	33	90	37	19	89	56	79	27	69	94	7	13	36	23	57	51	2	10	16	78	45	6	70	65	20	6	38	95	84	29	15	58	43	73	81	75	32	67	33	96	93	83	81	85	78	93	74	28	45	78	77	17	49	1	14	89	9	36	15	16	56	33	38	36	59	22	8	70	75	92	27	33	70	11	11	60	39	6	29	10	67	77	17	30	72	4	74	84	37	60	98	7	91	16	94	4	88	71	60	70	59	30	88	13	51	57	8	79	73	78	32	49	84	82	46
67	67	44	66	6	86	21	54	17	78	53	2	46	12	90	38	72	73	17	12	88	14	55	63	91	17	88	49	65	13	87	31	10	87	11	64	43	42	31	75	97	61	36	16	96	95	3	4	56	93	98	44	13	26	67	12	49	19	26	83	94	90	32	33	65	26	14	19	73	79	38	59	28	30	5	45	92	64	75	26	35	36	13	49	22	17	57	64	16	86	90	23	35	8	89	7	71	16	55	43	34	14	3	30	62	84	70	76	77	10	94	82	25	83	44	91	92	88	48	82	21	49	51	95	25	66	54	11	57	27	8	41	76	50	20	42	75	89	45	13	33	1	4	46	42	85	50	87	16	47	15	69	6	45	24	41	28	82	90	60	80	80	52	86	87	48	55	94	93	77	98	18	68	38	46	6	66	92	78	59	73	92	49	75	93	98	46	22	38	18	19	18	74	72	49	40	1	31	58	21
96	1	19	85	94	35	92	74	87	85	29	94	65	38	99	53	58	78	96	52	34	16	62	68	92	62	92	8	32	9	20	69	32	51	59	56	75	49	17	93	43	46	49	54	51	23	41	6	88	36	34	9	83	17	24	88	33	73	95	16	12	99	43	34	5	41	69	21	37	95	15	82	93	46	92	58	52	62	52	87	23	63	53	40	99	22	2	79	41	4	23	61	50	62	24	84	74	97	14	9	28	66	39	19	61	90	47	13	4	6	74	31	72	71	52	3	31	95	18	5	80	94	40	27	88	70	56	25	25	95	11	33	78	24	85	19	97	23	96	20	61	16	94	93	27	22	96	53	90	81	94	2	10	26	72	81	26	83	75	88	64	39	39	13	87	49	53	74	27	85	71	52	12	64	78	72	55	27	91	36	36	84	51	85	22	19	66	77	22	96	48	9	30	3	2	11	48	83	85	98
67	11	7	38	45	60	82	85	20	11	39	83	53	35	53	77	19	74	96	32	17	41	18	54	79	35	21	1	15	70	96	94	61	43	89	83	31	66	3	22	8	64	53	88	16	66	49	68	28	27	16	41	73	26	47	95	26	40	13	98	11	45	94	25	46	55	11	91	89	58	99	77	93	55	80	57	75	65	97	86	26	75	53	45	49	48	85	42	28	92	68	92	40	60	27	89	3	87	11	88	30	50	90	11	55	71	55	31	71	91	65	57	98	7	65	90	68	46	72	50	11	70	61	60	87	98	91	43	87	11	69	42	93	4	9	70	49	17	79	59	9	13	36	50	51	36	75	96	1	44	50	52	13	68	19	68	68	76	59	65	70	86	17	29	13	31	59	21	99	91	9	76	20	36	96	18	10	59	92	56	5	46	51	15	17	91	57	71	79	68	77	47	67	61	94	64	94	24	3	8

15	16	7
7	18	19
12	5	15
7	7	20

J1	0
J2	0
J3	0
J4	0
J5	0
J6	0
J7	24
J8	0
J9	0
J10	152
J11	238
J12	179
J13	195
J14	242
J15	22
J16	0
J17	0
J18	0
J19	137
J20	62
J21	208
J22	0
J23	0
J24	150
J25	167
J26	0
J27	170
J28	0
J29	89
J30	127
J31	0
J32	94
J33	0
J34	96
J35	0
J36	0
J37	0
J38	0
J39	0
J40	0
J41	24
J42	77
J43	0
J44	0
J45	220
J46	61
J47	228
J48	0
J49	40
J50	0
J51	0
J52	0
J53	0
J54	91
J55	10
J56	169
J57	0
J58	248
J59	206
J60	53
J61	0
J62	186
J63	190
J64	115
J65	0
J66	178
J67	0
J68	0
J69	236
J70	0
J71	0
J72	40
J73	226
J74	77
J75	102
J76	0
J77	21
J78	0
J79	0
J80	0
J81	207
J82	43
J83	35
J84	0
J85	193
J86	0
J87	3
J88	0
J89	0
J90	135
J91	0
J92	0
J93	0
J94	105
J95	0
J96	35
J97	0
J98	0
J99	159
J100	0
J101	0
J102	17
J103	0
J104	136
J105	0
J106	0
J107	0
J108	95
J109	147
J110	0
J111	0
J112	115
J113	0
J114	0
J115	154
J116	0
J117	0
J118	0
J119	0
J120	173
J121	173
J122	0
J123	174
J124	63
J125	0
J126	0
J127	53
J128	0
J129	64
J130	229
J131	164
J132	0
J133	0
J134	168
J135	65
J136	251
J137	0
J138	6
J139	76
J140	103
J141	162
J142	19
J143	76
J144	199
J145	0
J146	0
J147	0
J148	106
J149	0
J150	0
J151	0
J152	0
J153	48
J154	0
J155	0
J156	83
J157	0
J158	0
J159	0
J160	0
J161	0
J162	79
J163	104
J164	0
J165	0
J166	83
J167	170
J168	94
J169	253
J170	33
J171	0
J172	246
J173	208
J174	81
J175	0
J176	185
J177	207
J178	0
J179	0
J180	67
J181	74
J182	0
J183	0
J184	141
J185	0
J186	56
J187	29
J188	166
J189	0
J190	19
J191	0
J192	0
J193	211
J194	0
J195	0
J196	0
J197	185
J198	95
J199	0
J200	171

J1	1392
J2	1763
J3	573
J4	1469
J5	1986
J6	465
J7	616
J8	492
J9	422
J10	2017
J11	1543
J12	431
J13	717
J14	1997
J15	407
J16	924
J17	597
J18	431
J19	1043
J20	2037
J21	769
J22	1443
J23	1163
J24	1203
J25	866
J26	608
J27	873
J28	1869
J29	1346
J30	2018
J31	1614
J32	453
J33	1345
J34	447
J35	1664
J36	889
J37	227
J38	234
J39	1686
J40	599
J41	1379
J42	2005
J43	1955
J44	1215
J45	1732
J46	696
J47	1774
J48	1977
J49	671
J50	657
J51	527
J52	520
J53	1367
J54	820
J55	525
J56	604
J57	1699
J58	2101
J59	579
J60	497
J61	1877
J62	779
J63	1371
J64	1516
J65	1069
J66	1045
J67	233
J68	568
J69	891
J70	522
J71	546
J72	289
J73	807
J74	1558
J75	1008
J76	2013
J77	322
J78	1950
J79	341
J80	667
J81	970
J82	758
J83	1420
J84	1302
J85	2095
J86	2038
J87	660
J88	1036
J89	1882
J90	430
J91	682
J92	564
J93	664
J94	2043
J95	1576
J96	567
J97	1845
J98	329
J99	1922
J100	1787
J101	1683
J102	1387
J103	649
J104	873
J105	549
J106	366
J107	1379
J108	452
J109	898
J110	1790
J111	365
J112	1686
J113	531
J114	317
J115	884
J116	531
J117	228
J118	435
J119	468
J120	896
J121	708
J122	2020
J123	939
J124	498
J125	298
J126	519
J127	756
J128	1609
J129	673
J130	595
J131	1883
J132	757
J133	538
J134	1571
J135	481
J136	723
J137	1296
J138	247
J139	590
J140	1934
J141	716
J142	2003
J143	1263
J144	1843
J145	1194
J146	443
J147	349
J148	402
J149	373
J150	620
J151	2038
J152	1959
J153	1816
J154	1723
J155	382
J156	800
J157	620
J158	2026
J159	912
J160	830
J161	598
J162	1419
J163	2042
J164	2011
J165	376
J166	454
J167	730
J168	422
J169	532
J170	302
J171	642
J172	848
J173	811
J174	539
J175	242
J176	447
J177	632
J178	662
J179	443
J180	531
J181	1424
J182	601
J183	1674
J184	412
J185	2013
J186	717
J187	553
J188	531
J189	431
J190	755
J191	842
J192	1071
J193	2223
J194	432
J195	671
J196	1486
J197	473
J198	1896
J199	283
J200	979
