calib_50j_3f_10o_8s_3m_idx43
50
3
10
8
3
99	91	72	5	79	40	47	83	77	61	71	76	81	49	26	31	92	53	25	38	91	36	86	65	10	91	74	77	3	98	91	77	64	45	1	5	34	3	22	64	45	17	74	11	38	96	80	44	21	47
41	67	8	97	17	15	19	26	83	99	20	76	3	81	50	53	46	5	56	28	15	27	22	7	51	27	38	70	92	24	21	21	3	2	93	73	89	59	57	55	49	27	96	38	43	56	67	5	56	13
43	93	10	34	11	74	14	2	75	67	73	68	31	12	37	24	64	64	1	76	8	15	88	33	82	16	8	78	61	32	7	94	73	60	1	29	90	63	16	27	4	96	98	15	36	87	49	89	60	55
75	77	89	5	63	53	55	69	16	52	78	42	32	99	24	76	63	88	11	20	48	93	3	76	22	73	28	2	88	50	38	16	78	49	18	75	33	57	80	85	76	36	29	77	50	8	60	11	7	93
66	87	64	84	66	4	75	73	26	76	82	8	29	65	57	55	81	74	41	33	27	94	91	85	8	24	98	91	43	91	17	57	23	31	44	60	95	12	50	36	41	97	37	70	84	96	66	65	25	16
89	43	90	30	5	6	73	4	99	74	32	45	37	5	42	22	1	33	9	39	6	87	21	44	26	99	19	36	5	89	82	29	24	91	2	12	10	71	97	44	78	17	54	62	49	2	78	85	13	91
15	52	7	4	39	84	60	44	59	18	95	7	21	68	58	36	47	52	95	87	78	27	47	41	85	68	74	13	4	65	1	14	63	2	44	47	88	86	25	48	1	76	14	82	12	15	9	38	78	58
32	20	87	13	56	78	27	40	80	82	72	64	45	60	98	84	87	52	81	95	26	25	50	97	19	24	96	62	40	89	53	53	25	84	60	58	54	95	82	42	74	14	75	50	10	9	39	95	98	63
25	13	75	35	51	59	13	94	15	33	42	83	15	48	25	77	38	42	10	90	60	30	45	78	58	68	50	64	66	20	79	7	33	89	98	51	76	48	35	42	89	20	47	56	40	27	27	6	51	58
30	75	47	75	65	86	76	48	3	44	42	93	64	46	71	85	28	38	47	37	35	78	4	32	97	9	60	84	23	84	40	24	18	76	23	67	7	43	15	4	53	91	99	35	11	60	90	88	22	8

46	48	43	72	28	93	34	18	44	11	61	87	27	17	5	74	97	88	50	26	66	92	82	6	3	7	43	65	42	19	53	25	8	69	13	46	34	28	26	93	85	32	95	84	79	16	22	30	72	19
44	86	52	77	30	34	75	45	66	82	89	78	97	85	82	97	20	58	66	96	69	94	58	34	47	86	77	28	94	46	53	32	21	94	1	89	84	90	79	34	30	36	66	72	87	80	79	22	60	69
63	58	21	28	24	81	27	93	79	45	72	34	87	39	73	49	17	26	13	9	29	42	1	81	67	58	61	70	55	25	37	96	74	29	86	41	60	34	1	82	62	3	11	4	1	63	41	19	11	35
34	96	37	50	78	96	79	57	3	7	63	1	90	48	41	22	39	1	39	48	37	62	47	34	95	13	67	25	2	7	84	23	79	3	51	6	30	24	4	65	19	26	81	31	85	56	29	9	52	34
60	18	99	30	26	63	22	19	87	23	80	55	12	1	61	19	75	37	79	11	66	33	95	6	48	54	63	79	23	72	35	24	14	26	84	90	22	92	25	87	5	18	30	47	66	28	78	93	41	11
99	22	91	91	81	77	64	88	79	85	52	35	8	69	58	5	83	68	81	86	51	16	59	23	8	42	32	60	74	99	62	59	26	18	75	18	45	68	32	36	99	39	89	99	46	48	6	92	42	30
79	21	76	62	96	89	35	91	70	22	64	85	98	69	52	3	14	7	42	96	1	33	86	5	31	75	80	9	18	79	33	59	22	9	57	75	71	54	29	12	5	64	89	58	68	35	96	43	77	16
52	34	7	54	25	74	81	69	9	95	21	45	28	22	61	80	87	4	36	70	64	31	23	75	92	84	46	53	73	6	8	50	49	37	97	82	30	44	76	92	12	77	41	61	55	6	86	29	53	87

10	6	7
9	6	7
10	13	17

J1	0
J2	0
J3	0
J4	172
J5	376
J6	15
J7	358
J8	0
J9	0
J10	197
J11	0
J12	0
J13	21
J14	0
J15	143
J16	0
J17	0
J18	0
J19	0
J20	0
J21	294
J22	440
J23	381
J24	0
J25	21
J26	0
J27	0
J28	0
J29	15
J30	380
J31	0
J32	0
J33	313
J34	99
J35	0
J36	0
J37	0
J38	441
J39	437
J40	112
J41	96
J42	14
J43	0
J44	94
J45	244
J46	0
J47	181
J48	146
J49	0
J50	0

J1	850
J2	1017
J3	509
J4	2865
J5	3424
J6	614
J7	1458
J8	737
J9	528
J10	1219
J11	696
J12	924
J13	2882
J14	1048
J15	1200
J16	912
J17	577
J18	3446
J19	3234
J20	448
J21	2424
J22	1209
J23	1637
J24	3484
J25	996
J26	924
J27	564
J28	523
J29	3422
J30	1097
J31	3532
J32	3036
J33	3891
J34	2913
J35	2517
J36	766
J37	431
J38	1140
J39	3770
J40	1609
J41	1947
J42	3402
J43	898
J44	1702
J45	1156
J46	2978
J47	778
J48	1093
J49	3295
J50	2756
