calib_50j_2f_10o_5s_4m_idx14
50
2
10
5
4
34	29	3	80	85	34	77	68	71	70	37	70	35	15	26	3	62	81	74	16	44	13	2	39	52	68	96	85	71	15	11	87	34	96	86	82	39	51	93	75	28	95	39	51	71	42	71	57	45	4
50	26	99	85	43	67	36	33	77	19	10	24	46	27	47	90	43	8	56	2	52	23	1	30	10	15	12	99	60	84	51	10	44	51	28	88	68	14	60	33	29	64	41	95	2	32	3	37	73	78
65	93	50	56	14	49	61	77	30	61	2	27	84	75	88	60	35	52	92	24	13	8	70	26	75	7	97	70	24	70	21	59	82	5	8	78	46	13	32	82	23	19	92	82	62	26	81	24	65	75
11	32	72	24	75	15	12	35	52	97	82	70	34	22	85	73	92	87	60	30	33	40	97	23	7	28	29	38	4	70	22	62	86	84	75	16	5	79	43	42	34	87	25	58	62	17	16	72	63	77
46	72	33	73	82	47	3	47	81	57	84	23	97	1	55	30	70	72	32	57	88	77	95	43	73	43	88	99	70	70	51	33	97	20	82	68	81	18	18	63	81	12	91	91	61	4	62	74	55	70
23	83	74	5	8	23	41	13	1	5	77	46	28	11	62	55	27	53	29	95	80	87	44	19	11	36	99	61	59	48	80	55	13	18	42	19	49	57	35	68	60	98	83	36	11	10	97	42	98	63
20	16	28	81	98	1	39	46	5	27	48	73	6	8	72	66	94	10	46	10	53	54	1	49	22	39	52	80	20	22	74	67	71	73	48	27	98	6	94	93	38	43	15	51	50	84	29	73	99	21
44	82	72	17	66	49	5	67	11	52	32	4	88	92	57	76	57	79	84	77	23	33	33	61	95	70	85	84	65	14	30	54	14	92	86	69	27	17	2	41	60	40	60	97	3	97	39	62	89	19
56	8	63	38	11	65	84	44	28	52	51	55	61	26	7	70	26	79	47	47	37	42	57	51	61	90	48	62	59	91	75	94	79	26	16	64	77	94	56	86	19	82	23	31	38	1	12	69	70	79
51	62	4	47	98	23	47	83	24	75	21	40	2	20	62	81	17	35	69	1	80	94	22	82	82	41	2	2	86	12	18	2	26	39	98	24	67	23	39	87	13	36	72	45	70	74	85	17	92	94

57	83	65	38	88	57	97	7	1	8	37	52	13	26	98	19	54	79	80	36	85	60	23	32	6	7	19	49	51	85	15	74	28	76	1	72	73	26	26	74	29	92	96	71	59	46	63	26	89	39
33	94	82	23	7	61	49	67	35	11	97	29	52	60	86	88	24	95	80	97	25	99	68	28	48	89	76	69	98	65	92	84	80	44	26	74	22	71	65	43	11	90	14	94	22	51	83	57	98	40
59	32	10	34	77	21	75	65	75	41	81	75	35	36	61	59	94	65	25	56	65	96	80	4	27	91	34	60	88	50	89	33	10	48	20	72	28	88	16	93	17	46	54	4	86	72	67	58	71	35
6	27	72	4	37	33	28	37	85	19	74	69	61	95	2	62	56	99	15	81	77	36	24	30	45	31	5	26	69	7	41	82	59	50	34	21	90	14	68	58	46	38	32	70	61	69	53	69	64	66
57	56	54	27	43	77	26	32	98	92	94	80	63	31	7	35	92	93	11	6	49	94	66	24	44	13	50	9	62	86	31	40	59	13	44	71	65	66	19	26	25	21	70	12	63	79	69	39	9	6

5	9	10	8
7	15	5	19

J1	0
J2	111
J3	30
J4	211
J5	0
J6	271
J7	0
J8	158
J9	0
J10	260
J11	0
J12	0
J13	239
J14	0
J15	0
J16	86
J17	0
J18	0
J19	0
J20	0
J21	0
J22	0
J23	5
J24	43
J25	0
J26	0
J27	192
J28	0
J29	0
J30	0
J31	299
J32	0
J33	42
J34	0
J35	0
J36	0
J37	0
J38	203
J39	0
J40	282
J41	0
J42	278
J43	0
J44	0
J45	205
J46	108
J47	125
J48	339
J49	0
J50	0

J1	1801
J2	922
J3	1036
J4	2538
J5	334
J6	2561
J7	1993
J8	1416
J9	2293
J10	2584
J11	411
J12	872
J13	2117
J14	2696
J15	948
J16	628
J17	494
J18	827
J19	1172
J20	2678
J21	1069
J22	569
J23	2149
J24	1904
J25	2428
J26	2520
J27	1151
J28	827
J29	362
J30	1346
J31	3189
J32	641
J33	1371
J34	982
J35	2809
J36	361
J37	340
J38	2392
J39	2278
J40	893
J41	2407
J42	1181
J43	410
J44	384
J45	1088
J46	2776
J47	686
J48	1566
J49	632
J50	868
