calib_200j_3f_10o_5s_3m_idx6
200
3
10
5
3
56	19	32	35	24	99	45	71	79	30	62	97	48	65	46	76	85	6	88	38	21	24	82	78	73	74	95	15	53	62	82	15	80	24	20	35	34	20	10	28	83	96	85	93	41	46	14	39	26	71	80	36	68	11	98	46	94	70	61	22	41	59	26	93	73	1	74	60	46	52	13	76	98	34	51	47	36	88	38	76	93	55	33	22	46	91	53	62	27	33	79	37	6	34	97	19	95	3	68	14	23	21	88	42	64	98	64	95	98	71	35	68	23	68	88	89	25	81	86	42	40	62	34	22	94	45	1	74	33	41	9	61	16	83	42	32	32	36	54	8	91	64	94	39	94	67	57	97	12	73	90	71	42	75	2	43	98	50	30	17	5	93	15	80	91	33	4	56	34	98	38	61	62	3	3	21	10	84	69	37	98	69	37	34	37	54	43	42	2	29	47	48	78	65	79	16	50	70	89	91
68	32	39	24	59	99	47	57	47	13	65	18	58	39	68	62	34	92	56	86	63	67	12	93	65	45	24	69	9	68	15	64	11	55	95	77	98	2	29	31	2	71	38	37	40	69	24	71	84	37	10	37	70	22	82	25	54	38	50	31	82	39	32	70	56	79	89	73	74	26	36	38	49	90	51	2	71	46	20	73	34	36	40	99	25	76	7	4	40	18	24	10	88	43	33	81	77	44	58	69	90	35	52	40	80	91	87	82	49	73	13	32	11	29	63	17	22	17	89	84	59	70	62	24	37	38	10	89	54	39	18	86	38	16	7	81	19	97	85	37	22	74	39	8	80	49	90	14	91	54	16	89	41	35	11	39	53	17	10	68	23	8	62	26	89	47	52	49	33	58	84	21	90	70	84	76	80	79	44	46	1	54	69	23	11	56	75	27	68	93	7	51	75	66	65	78	95	15	54	14
52	49	19	54	60	55	2	62	89	33	70	46	93	22	58	61	15	54	7	68	30	14	61	90	62	1	25	23	69	59	80	77	99	12	57	34	37	69	40	17	38	73	24	98	37	7	95	88	61	51	25	6	87	28	59	7	57	75	19	72	14	78	99	68	6	13	86	91	43	74	12	67	76	64	63	81	48	62	95	37	37	33	57	86	14	72	40	55	94	63	21	65	67	90	89	83	91	71	48	58	79	12	28	79	41	61	13	80	32	93	6	38	48	66	50	3	3	47	4	77	6	41	41	11	48	59	92	65	73	9	9	11	32	59	8	31	57	37	35	38	31	34	66	23	58	87	45	20	71	71	41	48	22	1	23	71	51	53	42	11	33	42	80	1	56	3	69	37	2	75	97	43	20	2	17	75	13	54	12	45	16	56	14	9	2	8	86	36	29	33	35	31	1	49	48	55	7	93	17	52
84	55	67	1	39	44	99	84	82	49	90	89	77	32	13	12	54	75	34	46	98	89	99	1	56	69	81	28	32	33	29	30	15	7	41	95	4	49	73	56	68	48	21	18	17	11	62	69	91	96	16	65	91	34	60	85	46	98	57	45	38	78	32	35	4	4	79	11	63	37	27	31	15	11	36	16	31	39	11	89	93	96	28	68	53	2	85	22	25	18	23	84	77	48	26	50	17	18	97	17	97	12	29	72	93	25	86	68	60	15	49	12	61	9	57	25	42	13	32	50	15	55	15	26	32	48	43	72	70	4	84	15	80	29	88	46	35	79	27	38	53	92	63	70	88	80	80	82	28	94	5	83	55	19	67	61	1	57	3	17	2	97	97	17	47	78	41	86	18	71	39	44	73	49	10	57	87	40	95	95	32	45	46	17	87	92	85	50	70	56	76	37	59	69	56	80	98	82	99	10
82	73	37	6	64	29	84	83	29	46	13	75	43	75	93	51	91	49	53	54	5	71	15	49	45	34	19	62	16	20	97	95	47	51	55	85	87	15	42	17	99	3	77	56	62	23	75	87	91	72	12	41	16	89	85	73	75	65	61	66	18	52	26	68	47	31	14	64	51	3	89	34	31	43	46	63	14	22	90	82	78	99	37	77	40	75	69	48	26	88	45	50	8	53	48	38	86	80	35	50	98	94	13	47	59	5	40	95	92	92	63	68	58	25	36	24	58	96	4	69	49	18	73	19	67	26	29	33	18	50	60	13	89	82	52	57	24	27	29	74	55	47	32	24	51	49	47	62	34	64	68	36	96	58	53	21	35	89	74	8	20	49	64	42	49	32	82	92	33	6	94	45	64	1	2	39	46	30	37	74	65	74	41	37	35	57	26	8	34	48	89	48	9	15	45	77	70	63	70	59
73	29	39	81	46	64	76	23	82	67	61	15	42	14	37	70	81	13	40	49	93	93	66	27	89	14	14	83	38	77	76	8	68	51	72	66	90	5	29	55	19	32	68	98	6	82	49	8	75	15	50	77	57	32	82	12	73	76	56	77	51	36	5	55	86	8	25	32	58	16	5	92	1	10	81	48	20	34	87	42	83	40	41	95	54	13	33	46	6	99	90	55	14	66	75	47	19	83	51	81	26	87	47	24	88	56	22	98	39	76	5	71	29	72	6	86	55	55	34	89	76	52	31	16	25	35	69	85	79	18	9	87	12	78	26	82	70	4	98	64	40	87	77	38	7	82	34	75	18	56	29	47	17	90	57	39	87	26	66	9	66	66	41	82	94	38	55	53	92	60	75	98	76	25	40	22	44	60	17	84	49	73	89	74	97	8	87	69	53	30	60	26	60	30	33	61	21	57	22	36
24	45	60	10	65	85	34	62	75	39	67	42	8	71	57	28	44	93	47	13	29	17	28	88	40	83	58	68	22	25	70	26	3	49	63	58	2	32	46	36	30	3	13	16	37	14	64	50	43	46	13	23	33	40	34	91	90	51	29	8	40	48	73	93	66	37	56	53	37	87	41	19	92	69	95	31	79	81	75	51	17	53	89	26	40	75	93	91	15	33	62	49	49	98	98	2	61	65	43	89	67	40	77	55	85	69	29	54	60	52	73	5	99	37	90	10	1	43	77	26	43	5	76	10	35	24	15	8	37	68	85	92	42	60	68	3	28	2	23	15	34	69	22	21	75	77	6	25	99	98	32	64	60	58	66	59	27	48	55	57	50	53	52	92	47	49	38	64	13	29	13	71	79	61	14	67	32	87	80	93	94	90	84	31	49	34	84	3	86	43	10	25	87	93	94	26	37	49	34	38
21	88	63	40	91	66	18	99	48	75	34	36	26	21	25	95	17	16	26	65	77	90	89	80	64	68	92	53	58	78	5	48	28	87	48	59	32	48	90	97	62	52	99	64	87	89	46	82	90	92	52	86	28	75	53	70	16	7	98	98	99	13	15	18	39	61	13	84	88	83	36	99	59	7	15	90	60	70	2	85	96	18	75	1	11	3	75	56	60	35	79	76	49	36	16	27	18	57	56	58	18	7	61	5	92	91	87	10	24	88	12	31	98	46	81	35	2	46	62	21	18	84	45	41	14	57	44	8	59	23	19	94	86	65	57	31	22	66	1	5	46	71	69	45	19	45	42	36	62	86	57	44	3	21	72	46	60	30	85	61	54	19	80	1	94	70	51	61	17	99	66	54	9	24	77	8	59	76	3	14	8	20	65	20	36	67	2	54	44	46	21	96	93	77	51	90	93	54	40	90
18	51	71	69	98	89	47	30	91	25	4	28	77	86	27	83	6	5	85	23	5	41	33	46	99	60	46	44	66	74	35	51	25	41	3	96	74	43	67	95	33	55	70	8	16	74	65	97	64	1	93	51	99	17	92	16	91	23	17	22	77	12	3	72	21	27	25	88	29	62	41	95	26	4	45	37	56	19	31	7	12	59	98	74	35	91	40	53	8	97	4	91	57	13	36	68	10	27	7	40	13	35	26	18	61	60	19	13	89	46	87	69	36	42	2	21	57	48	21	88	82	37	56	47	26	34	14	54	93	6	48	81	75	43	59	8	53	88	16	76	48	28	40	70	95	51	33	3	5	33	43	43	36	49	68	95	28	17	48	94	97	39	13	24	12	7	1	66	6	90	60	98	99	85	13	13	8	27	98	29	38	4	11	2	34	18	93	82	79	93	20	26	33	63	65	6	69	87	73	80
58	49	4	47	59	49	96	89	80	24	82	57	58	31	51	20	99	37	44	23	74	79	74	47	79	36	55	36	59	32	42	8	70	97	57	31	55	63	46	47	60	84	76	83	11	31	11	69	19	2	2	45	7	74	36	38	98	82	29	53	22	17	38	14	25	94	7	96	86	47	45	4	67	79	16	27	61	34	29	77	91	9	99	87	60	27	17	75	56	90	54	9	39	40	68	38	32	29	47	72	74	23	11	41	79	10	76	21	1	54	21	20	92	35	55	64	44	24	35	53	4	14	40	40	6	84	39	99	34	56	85	64	31	75	57	11	26	16	7	26	8	59	56	17	92	73	64	94	96	87	18	30	49	18	80	90	7	25	74	54	97	56	77	26	25	9	15	28	43	8	76	47	65	24	68	12	65	89	99	72	90	43	41	24	82	21	72	56	8	29	96	81	19	89	28	15	39	37	43	90

46	33	71	37	40	58	30	42	46	70	89	79	29	54	59	92	20	53	58	62	85	78	78	94	8	50	68	9	34	74	85	9	86	7	70	52	73	71	27	28	87	58	9	24	89	75	25	17	48	62	96	70	95	1	93	58	11	31	86	31	63	44	84	68	79	95	18	11	30	43	98	43	91	32	44	90	96	77	93	90	68	90	30	52	88	96	49	57	7	84	84	76	27	71	23	87	3	94	34	11	89	61	28	44	59	7	97	46	90	49	25	68	2	35	75	71	14	35	42	38	54	41	34	14	4	34	16	53	16	50	15	13	6	27	85	52	36	89	33	8	43	87	74	73	6	11	60	26	43	3	26	93	94	20	33	38	68	82	19	64	18	59	53	46	75	61	53	53	20	23	69	99	97	69	26	5	87	28	79	6	29	81	15	62	46	71	24	95	87	9	96	39	6	18	63	87	90	54	67	96
24	61	72	95	55	55	89	62	84	32	48	69	31	91	97	45	93	46	14	31	45	18	14	57	40	51	37	26	57	20	20	53	27	79	94	91	63	57	88	90	79	4	75	6	32	61	16	45	56	78	57	80	86	36	85	18	40	82	17	93	99	34	47	37	44	64	49	58	82	51	38	76	18	43	69	25	63	29	8	85	70	70	56	59	21	11	57	27	72	58	51	62	76	12	19	21	60	53	67	41	49	46	80	49	16	74	63	47	40	72	19	87	31	1	10	97	68	45	63	71	24	86	87	63	89	73	92	64	38	63	50	18	83	38	5	4	44	55	30	21	78	8	29	14	50	10	61	31	15	46	6	45	14	87	40	90	6	54	63	27	11	13	60	59	92	76	87	5	98	18	26	90	27	31	99	29	27	82	6	14	58	63	35	46	67	14	65	9	93	45	13	81	94	69	30	60	31	7	86	77
46	99	52	90	74	31	7	58	58	48	71	79	22	7	84	27	36	89	46	80	56	89	6	63	43	95	6	48	55	37	67	65	10	74	21	17	9	36	39	32	25	79	38	68	99	90	38	90	17	55	60	45	27	29	6	98	15	88	43	50	4	34	81	26	11	91	47	26	53	57	10	51	23	16	70	13	7	41	87	14	80	15	38	15	10	97	94	3	97	4	66	73	82	92	10	48	76	56	75	62	84	90	57	66	38	93	99	88	17	52	2	1	86	58	75	11	29	79	68	81	3	9	9	77	97	85	91	55	21	37	43	58	7	24	97	64	2	49	61	82	51	97	83	40	82	88	34	20	32	10	46	23	13	24	36	40	60	39	25	65	44	89	57	8	43	27	89	36	9	96	68	53	36	39	6	44	83	10	6	61	2	86	44	29	49	29	3	46	13	64	91	55	67	5	43	1	53	24	99	41
94	49	91	5	46	62	68	54	92	6	26	9	25	30	36	9	16	40	77	32	20	47	67	24	64	33	61	84	19	1	84	22	33	50	65	95	20	18	38	97	51	51	56	16	87	63	18	86	9	32	84	81	97	33	18	17	66	49	20	19	98	4	24	15	35	30	34	73	72	44	87	85	25	91	66	98	91	27	36	1	85	96	11	27	1	21	57	27	18	16	59	60	23	79	86	62	97	45	57	65	95	18	70	52	39	53	17	77	42	89	2	92	7	21	17	83	9	25	49	32	71	37	66	4	18	73	70	45	4	78	69	36	30	44	71	51	83	54	58	1	27	41	31	35	20	92	17	60	10	57	61	13	2	53	75	25	97	21	20	60	41	86	61	28	28	48	42	63	35	81	31	33	64	74	64	95	59	54	94	9	44	19	82	36	18	41	39	84	48	5	89	82	4	55	74	34	1	14	83	45
14	7	63	48	21	7	66	74	9	12	39	41	42	8	7	14	67	41	13	41	75	38	10	61	80	3	64	45	73	51	90	57	65	74	11	18	60	96	71	61	72	7	53	66	96	61	36	50	28	3	17	98	7	90	6	65	70	98	34	51	48	12	57	71	2	7	69	42	13	37	98	57	87	58	15	78	61	45	1	27	85	10	12	20	95	45	90	31	13	88	55	35	28	18	96	59	4	55	23	64	52	31	67	83	98	5	72	52	99	58	86	43	62	54	78	60	74	13	52	83	89	46	22	30	39	83	75	97	31	40	49	1	20	19	32	96	81	58	98	66	58	42	11	50	43	31	81	56	62	6	25	96	15	68	71	63	4	19	44	17	24	26	18	5	33	36	22	95	16	7	59	14	95	41	92	23	40	98	77	79	38	31	57	92	73	19	90	9	76	94	52	57	70	87	87	67	53	5	70	53

18	17	18
8	20	15
12	5	17

J1	357
J2	331
J3	0
J4	212
J5	321
J6	0
J7	0
J8	47
J9	130
J10	264
J11	312
J12	333
J13	0
J14	0
J15	0
J16	0
J17	0
J18	0
J19	0
J20	0
J21	330
J22	0
J23	366
J24	0
J25	225
J26	0
J27	221
J28	211
J29	63
J30	181
J31	0
J32	0
J33	115
J34	0
J35	247
J36	358
J37	330
J38	7
J39	177
J40	250
J41	14
J42	181
J43	0
J44	0
J45	0
J46	0
J47	0
J48	75
J49	114
J50	369
J51	266
J52	224
J53	0
J54	132
J55	0
J56	0
J57	0
J58	0
J59	253
J60	225
J61	373
J62	0
J63	0
J64	0
J65	30
J66	0
J67	172
J68	79
J69	93
J70	306
J71	0
J72	0
J73	0
J74	230
J75	0
J76	332
J77	0
J78	139
J79	0
J80	0
J81	63
J82	130
J83	36
J84	345
J85	238
J86	159
J87	0
J88	0
J89	233
J90	0
J91	0
J92	371
J93	250
J94	0
J95	0
J96	0
J97	294
J98	128
J99	161
J100	0
J101	156
J102	0
J103	0
J104	0
J105	186
J106	2
J107	0
J108	0
J109	0
J110	0
J111	103
J112	0
J113	363
J114	369
J115	67
J116	148
J117	90
J118	0
J119	0
J120	0
J121	28
J122	193
J123	0
J124	337
J125	16
J126	0
J127	253
J128	0
J129	345
J130	11
J131	0
J132	0
J133	0
J134	0
J135	0
J136	0
J137	293
J138	0
J139	67
J140	183
J141	0
J142	0
J143	50
J144	0
J145	370
J146	0
J147	0
J148	252
J149	26
J150	123
J151	0
J152	0
J153	0
J154	44
J155	241
J156	310
J157	0
J158	257
J159	174
J160	0
J161	159
J162	0
J163	339
J164	0
J165	231
J166	59
J167	0
J168	27
J169	0
J170	0
J171	186
J172	152
J173	48
J174	0
J175	285
J176	0
J177	187
J178	0
J179	0
J180	0
J181	362
J182	64
J183	0
J184	174
J185	213
J186	0
J187	0
J188	0
J189	0
J190	293
J191	0
J192	0
J193	188
J194	0
J195	0
J196	153
J197	0
J198	0
J199	0
J200	0

J1	1001
J2	1399
J3	1287
J4	2889
J5	972
J6	360
J7	680
J8	784
J9	720
J10	2832
J11	1281
J12	1919
J13	2649
J14	2569
J15	937
J16	1282
J17	1099
J18	1198
J19	2626
J20	2034
J21	1600
J22	595
J23	2400
J24	575
J25	862
J26	912
J27	1136
J28	2648
J29	2695
J30	1339
J31	674
J32	2326
J33	1999
J34	881
J35	1262
J36	1084
J37	1093
J38	2890
J39	847
J40	1283
J41	497
J42	1328
J43	711
J44	1082
J45	1234
J46	607
J47	2764
J48	686
J49	974
J50	1359
J51	2428
J52	886
J53	798
J54	2728
J55	528
J56	890
J57	546
J58	1098
J59	2603
J60	977
J61	835
J62	2074
J63	2446
J64	635
J65	2481
J66	2244
J67	2147
J68	1016
J69	719
J70	1442
J71	2440
J72	779
J73	886
J74	1850
J75	1088
J76	1183
J77	379
J78	737
J79	2742
J80	469
J81	1190
J82	1765
J83	1321
J84	961
J85	2746
J86	1055
J87	494
J88	2503
J89	3045
J90	341
J91	341
J92	945
J93	2989
J94	669
J95	550
J96	1164
J97	1034
J98	1411
J99	887
J100	1277
J101	543
J102	1666
J103	818
J104	945
J105	592
J106	450
J107	537
J108	438
J109	515
J110	650
J111	2282
J112	2438
J113	1065
J114	3239
J115	827
J116	1699
J117	2737
J118	2934
J119	696
J120	830
J121	2483
J122	3021
J123	2760
J124	2632
J125	2398
J126	549
J127	2718
J128	1024
J129	2018
J130	2509
J131	2560
J132	1699
J133	2969
J134	1159
J135	796
J136	2914
J137	3264
J138	885
J139	2642
J140	3157
J141	2394
J142	728
J143	1350
J144	1729
J145	983
J146	523
J147	1139
J148	1767
J149	2321
J150	676
J151	2396
J152	581
J153	2783
J154	2007
J155	1419
J156	863
J157	1830
J158	3023
J159	2283
J160	2016
J161	2529
J162	324
J163	943
J164	2763
J165	896
J166	1796
J167	2579
J168	545
J169	1501
J170	498
J171	718
J172	567
J173	485
J174	2387
J175	2829
J176	2973
J177	1247
J178	942
J179	357
J180	798
J181	3154
J182	663
J183	1130
J184	2491
J185	1464
J186	2396
J187	514
J188	1860
J189	2144
J190	2350
J191	507
J192	2128
J193	955
J194	460
J195	660
J196	1052
J197	504
J198	1676
J199	606
J200	667
