calib_200j_2f_10o_8s_3m_idx48
200
2
10
8
3
99	14	44	87	50	81	94	84	36	32	70	49	25	19	43	84	48	97	24	76	33	72	84	84	88	19	78	18	58	54	88	63	92	67	97	17	23	13	99	72	65	65	12	43	74	78	20	30	19	13	29	93	38	89	52	91	93	86	61	26	59	28	90	83	85	53	25	42	67	69	96	11	73	45	67	84	70	4	28	97	98	14	87	54	84	40	34	56	32	89	91	32	11	59	55	43	72	66	25	24	6	63	28	43	56	54	36	70	56	48	40	47	64	58	96	80	23	58	83	26	56	87	22	92	90	36	99	82	63	85	10	91	26	78	80	35	71	96	9	14	80	19	54	69	82	50	18	16	16	37	66	44	70	76	95	15	89	50	12	96	58	19	12	30	88	81	64	7	33	74	92	31	96	15	2	25	78	69	40	45	53	54	6	23	41	66	62	34	42	16	39	86	69	45	29	6	61	39	66	69
84	33	18	5	63	14	11	90	21	86	99	48	24	92	69	67	56	17	23	90	89	13	94	41	2	81	47	20	56	30	79	48	77	85	71	36	3	17	51	59	70	62	85	37	44	76	92	53	89	71	20	17	50	26	53	75	82	34	19	88	78	46	72	3	49	52	19	37	77	70	34	57	9	75	68	32	13	81	62	80	98	67	6	71	14	96	6	62	29	46	43	76	4	42	59	84	58	98	80	41	52	25	60	92	64	30	89	44	42	17	42	47	54	67	18	1	20	52	98	63	94	43	8	95	11	41	25	48	36	38	97	65	96	28	94	39	49	90	76	82	88	47	56	71	85	91	11	77	85	87	63	46	15	12	5	76	88	12	30	5	10	53	29	10	99	35	1	14	31	38	29	90	64	83	23	47	69	26	64	49	26	59	97	53	65	32	54	99	88	82	53	21	68	59	96	29	56	46	10	98
75	44	65	41	99	1	67	75	44	53	3	24	49	98	72	7	60	54	82	68	68	10	41	69	57	49	14	88	86	72	88	84	21	67	5	20	58	26	1	62	59	73	94	86	26	22	54	54	87	72	28	90	53	47	39	23	52	32	53	1	27	7	86	7	59	93	41	40	78	78	5	51	10	74	31	10	28	28	66	67	47	57	79	97	97	66	82	50	6	31	6	85	34	74	17	33	78	19	24	67	62	47	45	10	55	93	29	4	22	49	16	9	66	5	16	13	71	47	4	88	22	27	38	24	59	1	69	50	73	11	83	4	44	46	38	72	70	48	64	64	83	10	91	74	86	90	71	23	61	34	83	18	42	78	33	80	3	88	80	18	71	98	92	21	36	79	62	89	49	10	78	35	55	59	72	55	37	18	85	61	64	67	36	28	82	20	59	42	55	51	69	89	57	84	37	45	45	23	84	34
84	5	26	94	46	63	98	61	30	81	40	60	1	62	76	51	2	17	78	29	82	31	60	32	58	20	5	81	42	6	19	45	89	8	5	17	16	71	28	50	40	47	8	15	17	98	1	89	36	72	61	67	66	84	88	69	19	8	20	9	34	4	99	65	67	7	75	44	81	29	59	49	94	48	14	33	5	20	26	47	86	95	56	25	89	38	95	91	27	50	90	41	44	29	26	27	98	28	80	92	69	62	43	82	79	59	24	86	11	92	89	60	82	1	58	99	98	81	61	3	91	96	3	88	22	76	12	66	35	61	29	25	79	91	47	64	77	6	69	85	76	46	92	13	28	55	45	61	31	48	83	64	82	43	56	75	39	45	80	83	92	87	35	75	81	34	38	63	40	54	63	41	28	36	94	83	28	24	53	24	62	64	88	79	38	56	71	28	29	42	57	1	10	61	23	31	73	25	7	7
7	46	48	42	64	99	76	15	25	92	30	62	86	36	22	34	3	92	87	21	26	85	99	90	20	53	85	37	47	95	48	68	6	38	56	4	10	66	98	99	33	57	12	8	67	24	38	25	57	85	54	52	65	14	91	38	43	83	45	48	64	55	93	86	41	32	94	52	60	44	67	67	81	19	8	8	38	94	31	74	82	38	46	22	47	47	26	18	74	11	90	81	10	76	49	92	21	38	55	17	24	58	35	62	71	29	28	23	71	27	27	89	76	9	1	81	92	79	31	56	49	44	76	46	69	66	18	5	90	65	78	75	29	61	84	59	78	45	80	49	83	89	72	39	91	33	51	56	38	78	81	76	49	88	47	97	74	87	21	93	78	56	21	51	79	21	27	90	63	36	79	8	23	66	28	73	3	62	3	94	39	16	57	9	91	25	58	78	80	38	69	88	24	89	3	59	5	17	62	84
14	29	72	63	53	50	71	51	6	75	23	44	1	57	47	28	54	54	29	19	97	78	41	50	46	56	40	56	48	17	81	64	13	17	20	24	33	32	14	92	23	74	36	57	4	18	54	4	65	70	10	93	1	81	10	75	83	65	22	72	15	89	71	42	74	78	9	17	23	32	22	57	20	90	52	35	64	98	10	71	68	72	41	65	84	23	64	98	48	58	40	87	54	60	88	35	5	26	80	70	90	7	13	40	6	35	23	33	16	23	40	74	87	75	91	49	27	77	64	79	41	5	74	58	43	24	76	18	7	86	96	33	56	90	8	40	74	6	6	22	42	32	60	79	62	87	29	23	52	1	96	79	89	16	10	93	10	12	88	40	49	42	80	30	53	50	4	42	96	39	50	14	87	35	77	84	94	83	59	16	88	59	69	35	57	33	35	7	83	65	42	63	73	7	82	41	13	67	38	31
13	98	96	3	87	44	12	49	70	17	43	71	81	26	93	77	48	64	64	12	13	24	71	33	15	37	21	67	57	25	81	4	67	45	48	3	91	71	12	44	69	88	82	33	47	44	79	90	44	81	86	98	7	98	10	95	84	21	44	55	15	22	25	8	24	27	39	26	53	72	14	48	96	69	54	92	24	54	41	40	82	4	92	51	9	12	18	66	75	2	15	93	66	55	7	23	1	84	8	21	27	38	88	57	27	9	34	82	29	35	22	60	43	13	26	48	38	77	25	64	2	72	38	21	61	17	26	93	31	84	78	92	12	46	51	73	24	85	59	77	95	74	57	48	34	24	96	47	30	90	61	63	81	44	50	74	55	25	77	44	47	65	86	3	63	89	82	59	61	58	79	72	94	30	18	91	19	22	21	38	51	77	27	54	71	53	59	96	25	47	49	59	76	16	1	95	79	98	19	73
16	26	90	76	24	17	99	1	18	8	84	11	18	59	76	7	78	8	13	25	36	79	69	79	24	6	27	16	61	43	22	90	48	64	71	23	69	63	46	52	21	74	2	91	85	56	25	84	35	71	1	43	41	86	18	26	58	68	32	68	42	69	42	27	52	42	20	18	85	84	97	9	80	7	53	11	89	7	38	71	52	21	56	8	31	31	43	33	80	59	66	13	23	28	42	3	82	43	78	93	86	57	74	78	11	7	6	80	42	47	42	16	68	78	30	95	88	12	93	15	47	85	44	84	11	41	29	84	87	74	3	82	62	34	83	81	49	1	87	46	72	18	19	15	43	47	97	78	95	77	83	45	54	35	64	62	39	61	48	57	46	42	41	32	28	94	33	99	16	5	12	36	99	49	28	42	25	35	87	51	18	74	14	24	45	51	92	34	73	46	35	53	49	30	8	60	91	7	94	32
64	91	34	95	1	87	47	95	80	70	96	37	31	6	41	91	59	22	6	94	70	84	45	91	23	97	47	28	26	87	35	61	74	79	90	32	14	23	23	50	44	54	2	1	93	44	31	94	7	82	80	3	66	93	37	85	48	98	16	8	92	77	10	62	37	27	87	56	86	43	7	78	55	63	67	44	67	25	6	90	21	3	29	83	83	9	51	32	30	22	83	87	20	78	58	1	84	46	97	75	29	29	19	59	89	56	77	90	96	5	49	10	40	42	38	96	44	20	79	35	80	34	74	19	39	93	53	15	60	75	90	71	23	36	99	41	80	36	82	2	4	28	54	66	45	60	64	5	2	19	26	3	31	35	72	92	12	79	30	49	66	87	70	70	35	14	77	81	59	47	70	22	26	76	80	35	30	5	61	18	74	16	73	3	37	90	50	85	88	55	6	87	90	65	67	50	67	15	87	52
74	32	35	64	58	11	58	17	57	32	53	34	40	50	54	79	45	34	93	13	49	92	32	15	65	64	50	80	63	4	16	55	6	17	22	27	67	46	85	3	65	2	94	36	15	87	92	66	43	84	5	12	96	31	77	19	24	34	98	97	9	23	39	34	80	56	17	88	52	95	20	38	44	14	81	90	94	24	25	92	61	76	34	33	99	71	84	93	2	63	12	80	76	95	10	76	94	6	24	93	35	30	37	49	3	91	34	6	12	74	9	79	56	64	50	10	7	47	95	54	83	66	42	80	47	22	98	64	79	9	90	25	32	15	95	26	56	75	9	9	37	37	69	19	83	63	12	34	72	92	74	92	64	90	56	60	54	89	33	72	35	12	21	84	48	68	80	97	43	72	71	73	24	43	39	98	91	29	21	22	40	82	80	50	68	32	74	53	48	17	82	94	78	4	47	64	93	58	72	7

24	6	81	94	69	89	79	15	2	44	90	55	64	86	99	80	52	2	57	62	87	39	71	12	34	63	31	85	59	17	6	23	52	67	84	90	23	99	57	63	79	49	51	56	52	91	35	26	40	77	72	83	28	28	94	5	54	13	37	19	8	12	49	3	53	53	38	15	56	29	70	90	82	71	69	31	19	92	83	2	43	98	50	62	66	37	17	42	23	19	39	80	82	91	78	28	85	36	66	22	51	19	71	48	20	35	63	21	37	61	59	89	43	1	50	21	69	37	82	50	28	5	75	51	79	26	36	39	2	14	46	67	58	95	72	7	74	57	79	73	44	47	46	70	49	60	67	92	33	26	23	93	96	79	40	74	95	6	89	37	73	90	33	81	80	82	42	92	78	27	64	50	90	9	53	29	94	30	86	16	89	61	90	46	42	83	70	12	92	17	93	49	76	38	64	56	16	90	3	76
19	66	23	13	49	19	72	48	63	18	84	18	91	81	90	27	17	64	87	1	76	74	27	40	85	72	76	94	59	86	63	10	85	11	33	61	52	14	58	95	27	67	1	88	51	60	78	88	7	66	59	51	18	99	18	55	63	34	95	65	3	84	36	66	38	15	89	25	72	20	38	75	39	51	20	39	24	8	26	62	69	12	94	86	15	71	26	49	42	22	13	26	46	14	19	13	45	16	22	67	78	36	72	39	81	58	53	87	59	70	24	84	92	64	12	17	49	42	14	55	42	74	95	94	49	85	68	29	62	10	14	63	12	41	61	5	50	16	47	90	14	36	21	62	22	51	56	72	46	27	19	11	29	84	83	10	44	96	56	58	26	51	17	16	78	16	28	3	45	24	65	1	51	90	93	15	54	60	54	60	98	59	77	22	1	77	17	88	45	79	95	40	51	48	23	66	97	14	4	74
12	67	28	3	4	3	65	9	90	88	16	79	13	53	67	99	86	42	9	34	46	84	37	59	94	41	24	75	59	42	32	23	91	96	7	1	8	7	43	18	66	1	58	98	62	99	72	59	29	90	27	64	99	71	81	57	67	7	33	14	35	85	15	67	8	37	70	2	46	34	72	68	71	49	13	82	56	20	80	97	81	64	32	1	27	99	74	96	28	18	74	75	23	91	8	39	47	70	59	73	90	81	8	76	37	75	5	44	3	76	34	12	25	43	92	23	31	31	56	98	52	77	52	52	64	38	21	30	25	1	22	44	55	43	37	11	78	49	4	30	31	99	66	93	89	58	29	79	6	2	52	31	97	77	23	47	76	92	92	79	84	33	76	18	94	51	54	34	50	19	67	44	94	30	4	99	69	69	4	12	76	23	50	52	43	41	58	78	35	67	65	90	72	76	13	80	24	80	53	46
41	22	72	25	5	95	34	50	4	56	93	3	90	14	52	50	46	9	60	18	89	80	42	52	17	17	4	50	83	76	49	13	18	71	65	22	55	95	79	15	40	91	51	12	99	58	49	30	69	48	28	94	37	77	36	88	1	28	1	80	42	99	86	1	41	66	46	14	18	99	15	80	91	52	1	75	53	91	6	8	44	21	62	43	10	99	71	91	74	36	47	22	39	28	6	91	44	41	74	63	86	42	38	50	72	46	25	64	46	27	53	88	23	50	89	4	17	10	55	45	7	82	16	94	44	5	74	47	64	54	16	71	35	32	18	76	31	70	20	50	76	15	2	77	62	85	86	70	96	39	65	73	13	35	46	83	72	38	81	97	33	30	82	46	4	25	32	54	85	57	73	99	74	18	98	13	69	56	88	84	36	32	50	74	61	38	71	23	81	36	44	8	62	40	79	61	19	96	12	56
18	14	42	82	67	43	58	73	77	54	39	5	19	34	97	1	40	89	21	9	37	64	5	21	95	85	46	33	94	1	26	11	84	78	8	80	86	56	59	97	92	46	50	51	54	55	91	25	22	46	4	87	86	53	50	61	15	8	93	37	38	82	60	31	71	85	80	86	48	4	46	24	93	73	19	6	18	85	54	84	94	75	58	72	22	80	39	20	45	61	70	70	26	15	95	3	77	61	74	13	30	86	57	64	88	75	4	6	57	50	68	44	56	73	25	96	58	17	75	59	55	13	10	13	23	66	16	86	96	96	67	22	78	95	84	11	96	37	48	44	55	5	71	61	86	90	73	19	51	94	87	36	96	87	8	42	55	2	90	81	76	53	90	22	38	78	34	15	95	96	54	92	39	49	50	39	31	72	89	97	40	70	81	97	65	31	74	21	40	95	19	64	40	35	75	27	52	66	59	73
31	87	90	24	34	37	3	25	69	39	15	55	17	26	64	9	36	49	60	96	60	74	24	42	36	61	31	43	57	41	65	98	13	55	73	14	28	55	93	15	82	89	67	45	16	84	71	30	73	71	21	89	13	55	91	66	2	15	84	54	56	87	77	90	53	36	59	48	42	79	6	9	73	42	18	75	13	51	76	50	69	37	29	83	57	71	16	29	97	68	21	13	11	94	5	96	4	41	77	97	90	53	84	94	21	30	16	94	77	35	75	2	57	96	26	56	35	76	81	20	66	69	40	54	44	54	85	79	25	57	56	2	9	12	38	73	35	42	63	60	14	24	82	68	11	22	41	14	74	67	87	75	59	81	34	52	29	46	40	81	30	16	82	17	9	28	24	4	14	97	55	32	75	39	38	76	47	40	66	93	1	86	2	64	42	37	67	47	6	13	61	11	85	94	85	62	19	41	88	70
96	76	90	80	33	22	10	84	51	9	39	85	93	33	80	84	28	94	38	82	23	13	90	45	98	67	59	11	70	22	81	26	45	50	5	17	67	3	64	21	19	36	41	10	96	61	61	64	97	43	8	23	14	65	93	85	70	91	70	16	34	12	63	49	17	2	26	37	97	88	12	57	17	74	23	52	60	17	85	6	10	51	88	79	82	23	82	57	23	21	35	91	11	54	46	65	33	7	73	50	95	36	64	97	99	37	76	63	42	70	87	6	39	78	6	12	14	18	80	68	98	57	10	41	35	12	30	99	4	42	87	54	66	67	90	17	82	63	5	40	95	93	33	31	91	39	43	76	59	43	95	85	4	50	7	39	24	37	70	76	76	70	69	9	31	51	68	89	93	98	53	29	92	62	30	76	31	56	63	70	23	89	20	55	78	39	77	75	99	56	31	31	83	93	60	86	75	9	73	84
50	42	99	39	36	42	52	10	41	63	74	40	77	66	20	23	17	47	62	6	48	1	83	93	33	38	30	36	8	94	98	1	93	19	83	34	85	76	93	20	53	59	86	3	81	88	5	90	64	96	35	90	34	46	66	29	1	50	68	51	62	50	34	74	69	80	40	64	10	20	33	79	2	68	43	98	71	6	56	37	64	66	2	39	85	96	1	93	40	60	19	93	39	34	53	46	20	54	92	76	86	71	63	60	99	27	35	57	81	75	15	73	18	28	57	12	97	13	92	69	18	59	40	19	35	15	44	60	2	24	58	40	4	6	73	55	82	75	41	12	22	99	79	93	12	17	76	70	98	89	29	99	88	2	59	39	7	44	32	22	66	52	47	64	47	53	82	12	23	86	93	31	49	95	72	24	18	22	31	28	91	76	76	5	1	4	26	41	54	21	29	78	39	66	94	96	23	50	64	8

19	20	18
5	13	6

J1	349
J2	0
J3	397
J4	0
J5	0
J6	215
J7	402
J8	0
J9	423
J10	0
J11	0
J12	403
J13	253
J14	364
J15	0
J16	0
J17	55
J18	164
J19	103
J20	0
J21	0
J22	177
J23	0
J24	0
J25	0
J26	0
J27	59
J28	201
J29	0
J30	101
J31	159
J32	0
J33	46
J34	307
J35	0
J36	178
J37	338
J38	353
J39	0
J40	364
J41	0
J42	0
J43	0
J44	281
J45	66
J46	0
J47	0
J48	97
J49	0
J50	0
J51	405
J52	383
J53	446
J54	0
J55	0
J56	80
J57	409
J58	172
J59	0
J60	306
J61	0
J62	0
J63	22
J64	0
J65	0
J66	0
J67	452
J68	108
J69	0
J70	255
J71	0
J72	0
J73	13
J74	0
J75	0
J76	0
J77	350
J78	0
J79	0
J80	46
J81	297
J82	0
J83	0
J84	0
J85	233
J86	138
J87	0
J88	0
J89	271
J90	322
J91	412
J92	0
J93	392
J94	0
J95	0
J96	0
J97	130
J98	295
J99	392
J100	0
J101	415
J102	342
J103	0
J104	0
J105	233
J106	0
J107	455
J108	0
J109	177
J110	0
J111	0
J112	0
J113	0
J114	0
J115	186
J116	179
J117	0
J118	19
J119	134
J120	0
J121	0
J122	421
J123	0
J124	0
J125	288
J126	0
J127	0
J128	217
J129	0
J130	0
J131	0
J132	273
J133	0
J134	456
J135	0
J136	0
J137	302
J138	246
J139	61
J140	0
J141	78
J142	344
J143	0
J144	300
J145	0
J146	0
J147	0
J148	365
J149	0
J150	0
J151	0
J152	376
J153	0
J154	0
J155	0
J156	446
J157	0
J158	0
J159	0
J160	0
J161	458
J162	0
J163	0
J164	0
J165	252
J166	247
J167	0
J168	0
J169	199
J170	306
J171	227
J172	0
J173	0
J174	0
J175	318
J176	418
J177	265
J178	17
J179	0
J180	0
J181	190
J182	0
J183	117
J184	0
J185	0
J186	373
J187	0
J188	107
J189	0
J190	143
J191	251
J192	225
J193	0
J194	437
J195	455
J196	152
J197	0
J198	153
J199	157
J200	0

J1	3613
J2	3232
J3	1188
J4	1984
J5	2515
J6	2228
J7	1193
J8	2645
J9	3484
J10	808
J11	923
J12	3656
J13	2712
J14	1295
J15	1098
J16	1242
J17	3204
J18	3348
J19	1657
J20	1951
J21	870
J22	716
J23	565
J24	1632
J25	2440
J26	1565
J27	2800
J28	1517
J29	965
J30	2978
J31	632
J32	3228
J33	1068
J34	1557
J35	3619
J36	3540
J37	3412
J38	3009
J39	791
J40	1433
J41	2428
J42	794
J43	2648
J44	3902
J45	821
J46	638
J47	1217
J48	537
J49	986
J50	920
J51	3677
J52	848
J53	3786
J54	674
J55	782
J56	788
J57	2257
J58	3767
J59	1482
J60	3942
J61	3446
J62	2445
J63	750
J64	3648
J65	1586
J66	2548
J67	1975
J68	1975
J69	583
J70	1046
J71	2419
J72	1178
J73	458
J74	732
J75	3432
J76	1483
J77	2477
J78	3085
J79	2908
J80	887
J81	1144
J82	1031
J83	2051
J84	845
J85	820
J86	687
J87	2983
J88	472
J89	3642
J90	3756
J91	3819
J92	665
J93	3375
J94	1067
J95	2182
J96	2333
J97	1038
J98	3295
J99	968
J100	563
J101	1116
J102	3732
J103	1595
J104	871
J105	1006
J106	2507
J107	3965
J108	1188
J109	2989
J110	1556
J111	2032
J112	960
J113	652
J114	3581
J115	2735
J116	3561
J117	2563
J118	3024
J119	709
J120	1198
J121	1071
J122	918
J123	3625
J124	827
J125	3643
J126	2913
J127	1628
J128	801
J129	3084
J130	1551
J131	411
J132	1619
J133	2146
J134	1244
J135	891
J136	3577
J137	911
J138	1322
J139	2865
J140	3369
J141	857
J142	3582
J143	919
J144	823
J145	482
J146	688
J147	2290
J148	2621
J149	2318
J150	1069
J151	1329
J152	1150
J153	740
J154	649
J155	3186
J156	1010
J157	3093
J158	1129
J159	756
J160	611
J161	1230
J162	1037
J163	803
J164	2319
J165	665
J166	1833
J167	3567
J168	1109
J169	1823
J170	1905
J171	1089
J172	3309
J173	537
J174	1018
J175	1974
J176	1159
J177	1301
J178	3066
J179	727
J180	1896
J181	1280
J182	616
J183	605
J184	2136
J185	1050
J186	2710
J187	930
J188	1710
J189	550
J190	3430
J191	1792
J192	1184
J193	994
J194	1340
J195	2109
J196	785
J197	1460
J198	3548
J199	1046
J200	1006
