calib_100j_2f_10o_5s_3m_idx30
100
2
10
5
3
95	4	29	67	37	29	61	56	23	81	49	53	36	64	78	5	43	46	53	39	28	9	42	8	27	23	20	74	48	17	31	6	14	86	29	25	29	56	69	30	30	20	72	11	71	79	26	61	69	34	50	51	41	81	26	99	24	71	10	42	4	92	91	87	51	45	45	73	72	70	31	11	7	33	64	52	1	83	43	3	74	73	91	69	40	54	77	27	78	33	34	7	78	36	57	56	36	45	59	86
16	41	2	65	31	31	73	74	66	17	8	62	95	71	42	51	34	29	8	2	6	50	56	10	15	52	62	11	47	22	37	90	51	77	92	49	5	7	46	21	67	33	39	27	14	39	32	71	54	91	7	61	1	93	61	84	96	44	76	29	99	69	36	83	7	77	4	35	18	56	64	36	84	20	33	91	39	84	42	40	29	46	47	10	56	61	22	57	13	64	76	30	13	81	40	17	82	21	97	93
21	39	80	1	47	75	14	73	37	90	45	40	35	22	41	9	16	94	31	28	2	79	8	71	43	58	70	70	11	6	1	35	27	71	24	5	39	84	81	88	8	34	40	81	69	72	40	15	48	50	39	5	94	92	98	42	18	79	52	55	27	60	27	22	75	20	65	7	44	96	90	36	41	83	51	44	25	85	62	32	13	14	62	40	63	21	64	91	86	23	68	46	40	50	96	30	65	83	45	58
14	12	5	54	29	26	24	3	51	81	33	41	61	58	45	73	87	60	79	22	90	53	39	66	3	96	65	3	13	53	55	52	44	37	90	95	45	57	19	97	23	7	78	18	97	39	80	79	65	11	37	47	34	41	86	99	60	27	52	31	35	54	13	75	81	45	11	67	92	30	21	31	14	20	51	31	4	76	45	19	28	4	9	66	98	75	41	10	21	86	98	21	93	37	50	59	16	92	16	91
31	86	9	90	26	15	95	50	58	65	38	14	57	62	22	24	10	52	63	54	71	42	97	22	28	56	80	26	98	6	71	83	7	49	77	55	16	2	71	96	47	12	23	81	53	85	65	54	89	49	76	87	33	62	21	74	2	17	30	62	56	9	27	64	16	23	13	64	66	76	70	98	22	96	10	34	92	48	48	77	44	89	43	61	4	8	20	47	53	22	96	49	8	54	46	54	24	56	5	14
49	22	74	89	48	97	25	56	16	83	60	7	50	24	36	19	64	93	84	54	86	60	40	28	53	82	26	68	67	17	85	25	4	53	16	20	29	50	76	92	2	42	87	99	47	85	40	20	25	10	52	5	70	65	21	78	22	56	8	14	44	60	7	86	98	94	56	37	54	95	92	73	24	21	21	8	50	44	57	58	21	95	36	5	98	73	70	33	11	43	37	7	49	7	14	8	72	49	43	26
41	37	69	22	29	87	98	7	74	76	29	35	95	90	57	47	26	48	83	67	48	92	6	99	93	93	71	9	69	65	2	15	60	54	67	43	80	86	2	20	16	10	20	78	93	47	89	56	98	68	79	39	52	42	66	13	34	69	20	55	78	86	94	89	1	63	63	22	9	41	16	53	87	60	84	82	62	70	24	5	3	57	26	15	65	36	65	74	65	9	40	81	10	60	71	6	18	72	40	97
49	36	11	9	17	21	64	95	22	90	86	71	69	4	18	42	93	65	86	86	22	77	64	15	23	63	63	75	28	41	95	15	10	55	91	75	77	91	53	49	49	48	83	53	39	88	58	45	73	34	69	79	37	60	92	10	9	85	58	20	47	22	8	69	86	50	26	94	18	53	27	23	54	42	51	60	25	62	70	19	18	8	54	73	74	76	93	99	97	79	55	78	76	79	7	58	83	9	85	53
50	94	4	26	76	90	60	79	12	54	60	35	93	39	59	67	32	6	16	46	39	54	69	42	41	98	29	59	14	23	8	70	45	38	15	16	68	92	44	3	77	64	98	52	46	13	95	53	78	76	94	85	4	45	52	84	43	6	83	8	31	68	63	75	27	31	95	58	80	40	92	31	78	44	6	9	62	84	78	54	97	53	10	32	38	43	69	50	4	17	32	61	18	85	35	60	39	88	79	90
50	42	98	38	24	40	76	58	82	49	36	11	69	36	45	95	71	7	26	90	2	46	43	35	77	21	9	3	58	37	91	9	90	84	2	14	19	89	58	14	59	91	59	97	13	80	48	64	22	99	63	6	58	28	4	25	77	6	42	77	24	9	21	25	49	96	35	1	40	64	64	95	81	31	86	9	57	88	58	24	78	9	97	64	49	76	97	14	51	19	75	82	66	98	84	91	45	45	5	85

1	58	50	52	76	41	72	9	79	54	56	48	18	77	87	33	20	2	73	80	20	83	5	35	70	27	47	85	93	14	89	31	15	11	58	11	54	36	95	65	70	83	87	72	13	37	63	77	72	94	85	73	68	97	47	4	83	87	15	6	84	66	13	77	25	95	55	33	13	82	90	9	34	47	8	51	84	46	83	90	9	42	47	84	32	60	39	84	63	65	36	98	50	78	22	66	35	80	88	38
14	31	73	94	62	26	13	28	41	89	90	97	58	58	82	97	38	96	75	9	97	46	50	70	55	81	84	92	39	10	77	70	37	5	36	79	40	84	89	55	3	35	71	21	86	19	93	70	36	67	12	77	7	66	28	8	82	55	51	94	61	74	62	4	56	27	47	85	96	89	25	93	9	87	39	51	44	78	38	69	19	99	29	46	49	25	11	22	7	71	39	77	61	81	83	83	86	77	2	89
81	73	61	30	21	11	10	1	55	41	71	88	43	48	69	9	62	2	6	90	67	11	10	80	67	35	6	97	55	71	1	39	9	99	5	60	89	7	27	22	72	65	91	21	54	59	88	85	53	94	72	52	93	1	51	90	32	13	20	27	52	54	89	19	42	74	93	2	13	97	49	59	26	11	54	26	91	18	70	88	66	41	81	83	61	83	20	10	1	55	19	41	58	28	77	24	13	80	34	75
98	13	82	77	43	2	82	36	29	28	75	42	69	17	64	12	78	61	23	88	62	89	12	60	27	6	25	46	53	20	37	78	44	53	73	86	98	95	50	65	85	13	58	64	84	41	52	44	21	24	5	67	4	97	45	22	91	4	95	84	47	98	12	64	63	20	76	30	53	80	13	42	24	88	80	5	72	18	4	29	40	87	71	94	98	38	50	9	66	67	82	78	25	61	50	4	4	81	94	9
86	38	22	5	34	38	18	27	39	72	2	28	54	97	90	35	12	84	3	55	93	95	73	75	28	45	24	28	47	80	78	44	39	58	99	12	2	49	41	87	24	58	67	8	61	93	91	50	99	95	51	97	6	28	50	72	50	44	41	77	88	50	83	67	25	30	7	50	41	97	32	37	12	10	83	66	21	93	90	85	69	92	84	64	28	27	92	19	43	7	8	42	39	2	82	28	68	12	82	23

17	15	7
6	9	12

J1	0
J2	134
J3	243
J4	81
J5	0
J6	0
J7	229
J8	42
J9	0
J10	268
J11	0
J12	311
J13	106
J14	0
J15	0
J16	153
J17	0
J18	0
J19	187
J20	192
J21	0
J22	297
J23	361
J24	0
J25	0
J26	0
J27	0
J28	0
J29	0
J30	0
J31	96
J32	341
J33	100
J34	83
J35	0
J36	0
J37	0
J38	12
J39	71
J40	0
J41	64
J42	0
J43	0
J44	1
J45	336
J46	0
J47	274
J48	179
J49	0
J50	276
J51	0
J52	94
J53	0
J54	0
J55	0
J56	175
J57	0
J58	0
J59	162
J60	172
J61	0
J62	241
J63	338
J64	151
J65	194
J66	0
J67	0
J68	0
J69	325
J70	172
J71	203
J72	270
J73	0
J74	30
J75	120
J76	225
J77	330
J78	0
J79	0
J80	0
J81	0
J82	0
J83	0
J84	0
J85	359
J86	0
J87	371
J88	0
J89	225
J90	0
J91	0
J92	0
J93	0
J94	0
J95	209
J96	0
J97	0
J98	0
J99	202
J100	286

J1	2085
J2	2001
J3	1936
J4	1402
J5	1716
J6	2705
J7	1131
J8	1709
J9	2085
J10	722
J11	1135
J12	3312
J13	506
J14	1761
J15	637
J16	1986
J17	2604
J18	1192
J19	1327
J20	601
J21	1043
J22	832
J23	2270
J24	1230
J25	2355
J26	449
J27	2018
J28	833
J29	1090
J30	3003
J31	1444
J32	3095
J33	1677
J34	545
J35	1632
J36	1609
J37	2833
J38	605
J39	513
J40	596
J41	2842
J42	2521
J43	482
J44	806
J45	1107
J46	574
J47	728
J48	838
J49	582
J50	940
J51	1025
J52	586
J53	2359
J54	719
J55	956
J56	771
J57	595
J58	2990
J59	2893
J60	2058
J61	1144
J62	624
J63	3090
J64	1226
J65	1026
J66	830
J67	2207
J68	1796
J69	1576
J70	763
J71	1979
J72	2490
J73	2316
J74	789
J75	969
J76	2929
J77	2165
J78	718
J79	404
J80	1159
J81	2529
J82	609
J83	967
J84	359
J85	1058
J86	1182
J87	1086
J88	2687
J89	1847
J90	2364
J91	540
J92	638
J93	2225
J94	885
J95	811
J96	1562
J97	2033
J98	449
J99	1117
J100	775
