calib_20j_4f_10o_5s_3m_idx1
20
4
10
5
3
16	8	13	89	44	48	98	84	74	83	38	73	27	91	76	47	41	75	15	74
93	34	39	13	61	95	91	13	43	39	74	11	47	18	40	32	71	72	73	66
73	56	8	59	25	5	6	58	24	35	80	95	28	51	67	11	36	91	87	85
83	76	18	57	50	86	53	1	94	32	20	3	93	40	68	40	8	49	88	14
15	58	29	6	98	9	35	71	87	92	64	6	26	35	72	17	89	20	12	58
45	80	90	83	82	80	6	89	67	32	83	53	60	14	53	44	9	44	39	92
16	51	75	82	13	20	59	96	97	99	79	16	53	88	15	64	84	72	99	60
41	9	3	76	54	95	7	77	24	33	39	89	50	97	30	17	14	12	95	61
94	53	10	30	58	10	47	13	62	28	40	12	42	40	68	31	14	4	2	60
19	54	36	94	20	42	62	67	45	76	13	77	82	85	44	14	27	96	28	44

44	49	75	67	78	60	28	65	10	46	16	39	13	85	41	45	67	7	72	82
64	95	62	93	81	22	90	90	86	23	8	86	36	79	81	27	64	24	78	81
97	6	45	78	65	93	7	34	18	28	69	65	10	56	85	39	89	94	33	33
98	38	63	86	16	10	77	98	7	93	36	76	41	50	62	12	48	95	5	48
98	29	52	33	83	48	67	14	30	69	74	78	86	77	2	82	43	5	37	69

12	9	15
12	15	12
5	18	7
6	20	5

J1	228
J2	343
J3	0
J4	0
J5	378
J6	199
J7	0
J8	341
J9	0
J10	350
J11	316
J12	0
J13	244
J14	376
J15	0
J16	0
J17	0
J18	48
J19	0
J20	0

J1	929
J2	2089
J3	2810
J4	459
J5	1362
J6	2630
J7	1334
J8	1319
J9	1137
J10	967
J11	3164
J12	761
J13	2749
J14	771
J15	687
J16	2333
J17	2688
J18	884
J19	1061
J20	597
