calib_50j_3f_5o_8s_3m_idx20
50
3
5
8
3
1	53	23	28	27	15	96	99	52	71	16	25	53	13	35	43	99	57	64	2	37	32	46	30	38	59	65	49	14	82	59	65	28	99	63	56	89	96	32	50	81	91	71	67	7	10	57	17	46	90
93	7	57	32	4	6	90	15	75	45	70	40	42	23	64	97	85	29	7	30	6	88	91	2	27	12	92	76	21	8	4	8	6	63	76	26	11	49	94	31	67	31	63	8	10	17	24	55	11	91
17	51	40	55	29	68	66	18	32	51	38	77	74	81	25	32	62	45	29	34	9	79	69	51	8	61	97	24	47	54	22	30	67	37	28	26	50	30	31	78	10	73	76	56	82	65	5	59	48	72
57	10	3	73	31	18	1	60	32	58	59	39	52	39	16	65	41	30	20	32	14	46	56	9	81	97	21	52	59	57	61	56	33	73	73	66	54	56	66	50	14	54	98	5	48	54	4	33	29	90
73	22	57	73	10	12	29	96	37	6	25	79	3	45	25	15	73	29	39	2	70	31	36	14	66	23	4	56	92	87	44	63	57	89	18	82	17	41	57	87	53	32	92	35	2	66	37	98	43	48

2	65	93	80	78	68	21	75	9	69	83	62	76	93	38	31	36	84	92	93	58	95	3	60	64	96	90	75	90	19	48	90	94	60	20	70	12	76	57	84	65	98	26	70	38	19	43	55	43	88
17	48	68	44	83	8	89	59	28	28	48	34	59	89	71	75	7	72	98	91	55	38	72	80	48	79	90	75	41	60	56	86	82	1	84	55	86	7	27	7	88	2	93	19	51	54	14	29	67	65
35	29	70	50	66	29	14	49	1	9	30	58	52	20	65	82	24	38	93	3	94	37	19	16	83	66	23	19	90	91	29	6	85	45	15	1	74	38	24	73	76	98	54	22	98	12	16	31	7	75
49	70	13	51	24	92	26	7	30	93	40	13	7	74	32	43	48	4	43	10	10	58	38	81	46	47	54	51	48	67	50	35	34	59	56	63	39	74	26	36	42	79	41	54	71	46	99	47	99	23
32	10	71	84	48	36	3	89	54	49	92	17	65	7	89	71	92	27	33	47	32	5	66	8	83	42	37	50	25	94	48	90	77	97	21	33	65	30	3	17	35	32	17	20	60	49	73	76	84	72
54	10	59	40	36	47	2	83	70	53	5	81	99	15	40	61	19	93	84	97	38	2	86	7	65	8	11	43	40	39	9	95	93	14	79	97	66	46	57	36	30	19	89	52	1	87	45	88	40	55
9	36	94	74	68	82	1	18	39	16	75	10	99	61	43	88	56	83	18	79	36	65	50	23	53	63	87	71	26	89	98	11	18	1	94	4	62	69	3	52	10	32	25	86	22	5	71	66	67	22
46	76	58	69	31	52	56	15	22	95	29	77	45	71	44	89	81	26	9	53	32	52	77	5	51	19	93	59	66	76	51	53	21	64	10	60	10	11	56	62	92	36	80	50	36	64	64	69	62	80

18	5	15
10	7	15
6	8	7

J1	91
J2	311
J3	199
J4	101
J5	250
J6	0
J7	61
J8	118
J9	0
J10	26
J11	0
J12	23
J13	264
J14	0
J15	0
J16	0
J17	248
J18	160
J19	18
J20	52
J21	0
J22	259
J23	0
J24	0
J25	0
J26	0
J27	74
J28	28
J29	192
J30	0
J31	0
J32	242
J33	0
J34	0
J35	27
J36	0
J37	0
J38	156
J39	0
J40	0
J41	0
J42	0
J43	0
J44	130
J45	0
J46	0
J47	0
J48	224
J49	45
J50	0

J1	1735
J2	2739
J3	552
J4	464
J5	2726
J6	1602
J7	2471
J8	575
J9	1317
J10	1033
J11	2285
J12	2329
J13	595
J14	722
J15	2247
J16	656
J17	744
J18	863
J19	972
J20	1865
J21	1830
J22	1194
J23	516
J24	1949
J25	508
J26	857
J27	463
J28	785
J29	857
J30	446
J31	1889
J32	607
J33	376
J34	557
J35	1694
J36	1391
J37	706
J38	1476
J39	2479
J40	752
J41	700
J42	293
J43	416
J44	2652
J45	2503
J46	2069
J47	2542
J48	658
J49	1174
J50	497
