calib_100j_4f_5o_5s_4m_idx17
100
4
5
5
4
92	1	11	87	93	45	91	5	72	94	89	84	28	92	77	50	46	8	59	61	67	9	76	71	22	92	89	52	43	65	95	23	3	79	98	42	72	85	29	26	28	81	74	98	10	24	88	49	93	29	56	70	3	85	26	98	4	54	45	53	42	8	83	24	47	45	97	88	30	9	27	18	61	69	19	40	12	7	70	3	2	99	55	46	32	29	44	80	1	12	44	47	53	54	36	65	65	51	85	9
46	19	17	29	1	52	86	54	83	2	5	81	94	35	44	3	94	30	55	67	52	22	17	98	87	75	26	99	92	64	92	67	7	18	37	26	71	83	7	82	90	54	79	8	50	25	63	44	34	75	17	67	54	53	46	66	20	38	2	26	93	87	45	18	62	90	91	28	51	39	56	5	33	41	87	12	4	36	47	94	70	48	84	37	30	60	90	2	31	69	30	58	95	68	70	62	47	70	95	5
50	31	42	23	3	83	17	2	73	2	83	84	17	43	64	38	41	38	79	54	23	81	26	7	68	4	54	90	57	28	22	78	75	87	28	87	15	47	2	62	19	62	38	27	12	25	87	19	77	12	79	74	10	98	82	7	44	50	47	9	51	73	21	1	53	66	64	37	75	95	14	77	6	13	21	16	54	78	90	65	37	76	31	81	50	77	2	89	48	36	13	81	42	56	12	3	16	28	46	1
46	87	60	12	83	49	84	75	6	40	29	49	95	70	74	99	25	41	29	3	96	33	98	87	33	75	81	33	42	31	10	48	98	72	84	62	3	14	58	76	67	18	24	83	24	10	31	35	78	46	68	22	3	34	31	19	40	94	11	87	99	52	71	17	12	61	95	19	47	57	82	32	73	99	70	19	8	78	31	52	72	66	73	31	4	26	84	25	65	46	56	61	16	24	33	84	16	27	85	84
40	90	73	38	62	89	45	56	3	21	22	32	81	65	81	19	73	94	88	17	1	31	4	95	87	55	16	56	11	86	81	27	98	67	64	12	78	94	17	18	95	47	46	4	51	98	13	88	45	76	85	94	18	26	95	87	78	68	41	42	50	91	26	39	54	39	51	21	10	43	29	19	92	36	80	9	99	21	10	67	38	10	12	78	19	87	47	37	17	42	78	17	12	67	12	13	3	1	59	41

77	91	10	99	95	21	44	53	69	29	10	21	41	10	83	11	9	33	61	39	97	91	31	92	81	71	21	68	87	44	86	33	51	9	43	17	68	35	50	19	88	42	90	14	51	95	26	67	39	49	20	60	99	86	46	69	63	67	6	1	59	52	81	61	83	51	32	40	72	19	91	95	7	80	40	40	92	79	71	82	20	89	95	12	13	14	70	77	80	36	80	85	81	21	42	43	23	4	80	81
33	56	36	21	43	41	42	92	64	82	63	41	70	40	84	4	77	82	81	59	87	91	19	40	32	86	45	3	42	38	13	61	92	22	64	96	94	79	6	42	80	67	45	21	92	64	82	59	93	16	31	41	37	91	68	84	39	99	74	39	64	81	51	58	32	88	53	67	30	5	61	20	57	23	52	92	34	55	73	4	32	58	21	76	41	67	24	19	95	67	91	16	57	14	2	83	39	80	63	98
16	61	40	31	1	8	37	35	79	7	70	73	8	44	89	65	61	6	86	4	94	76	68	63	73	27	98	13	18	33	76	27	7	60	73	80	12	64	43	28	9	86	16	27	10	66	37	50	48	79	63	67	70	72	25	69	33	64	23	66	9	53	2	3	87	35	55	94	36	74	15	22	28	98	98	26	62	66	55	51	54	53	26	27	85	91	12	54	47	96	76	81	97	6	34	94	53	9	26	77
34	79	20	63	42	9	60	13	72	95	28	71	67	83	38	8	26	82	6	92	21	70	47	51	24	70	87	40	64	66	63	3	99	75	43	56	36	57	60	77	24	93	92	75	8	27	98	55	7	38	12	57	4	99	81	14	35	53	10	74	72	41	65	67	53	31	3	38	65	29	27	74	35	54	55	50	5	21	74	25	65	53	99	98	25	58	66	2	13	25	85	2	3	53	98	29	79	76	38	93
59	73	55	84	78	54	19	60	11	72	51	34	38	78	4	70	92	22	65	23	43	22	76	41	82	37	55	86	43	16	5	90	1	39	64	89	58	64	53	12	24	58	74	80	55	63	50	72	10	71	47	92	38	46	75	32	38	81	74	67	90	59	54	93	24	20	11	6	91	7	97	84	93	94	4	40	20	15	74	49	35	81	21	62	57	46	73	79	41	89	3	52	79	54	16	89	7	18	17	3

18	6	9	19
13	20	8	14
20	15	9	19
14	13	16	12

J1	0
J2	0
J3	0
J4	0
J5	0
J6	246
J7	163
J8	0
J9	0
J10	0
J11	10
J12	193
J13	26
J14	0
J15	0
J16	0
J17	186
J18	103
J19	74
J20	88
J21	0
J22	73
J23	0
J24	194
J25	0
J26	47
J27	124
J28	249
J29	0
J30	0
J31	140
J32	0
J33	131
J34	139
J35	0
J36	149
J37	0
J38	0
J39	214
J40	0
J41	0
J42	108
J43	0
J44	0
J45	0
J46	209
J47	132
J48	211
J49	0
J50	249
J51	109
J52	251
J53	0
J54	0
J55	130
J56	0
J57	0
J58	26
J59	0
J60	0
J61	0
J62	0
J63	0
J64	135
J65	0
J66	56
J67	0
J68	0
J69	117
J70	52
J71	26
J72	0
J73	159
J74	61
J75	0
J76	197
J77	16
J78	0
J79	165
J80	0
J81	188
J82	0
J83	112
J84	250
J85	204
J86	0
J87	22
J88	0
J89	0
J90	138
J91	12
J92	19
J93	5
J94	0
J95	11
J96	0
J97	95
J98	249
J99	0
J100	0

J1	563
J2	243
J3	1794
J4	856
J5	1303
J6	1836
J7	952
J8	1550
J9	677
J10	1764
J11	1661
J12	563
J13	588
J14	454
J15	401
J16	1942
J17	530
J18	1989
J19	528
J20	2075
J21	436
J22	641
J23	1816
J24	643
J25	471
J26	367
J27	478
J28	540
J29	786
J30	2002
J31	418
J32	1750
J33	988
J34	699
J35	364
J36	449
J37	1247
J38	407
J39	2029
J40	1701
J41	860
J42	509
J43	409
J44	1914
J45	1265
J46	811
J47	578
J48	1353
J49	689
J50	1155
J51	2043
J52	631
J53	2010
J54	341
J55	567
J56	260
J57	1142
J58	293
J59	1413
J60	1593
J61	304
J62	301
J63	575
J64	1238
J65	1059
J66	601
J67	352
J68	1673
J69	724
J70	1314
J71	637
J72	1495
J73	1608
J74	517
J75	830
J76	2027
J77	1841
J78	1896
J79	545
J80	726
J81	1843
J82	409
J83	710
J84	680
J85	1866
J86	411
J87	919
J88	1804
J89	1528
J90	754
J91	380
J92	534
J93	639
J94	1735
J95	1869
J96	437
J97	1628
J98	1394
J99	344
J100	1487
