calib_200j_3f_5o_5s_4m_idx40
200
3
5
5
4
68	16	11	97	31	34	60	26	63	7	59	45	97	53	10	45	86	19	51	59	68	3	68	53	25	98	59	79	84	29	14	7	85	61	62	88	72	44	88	38	85	49	22	28	53	72	85	28	21	24	14	67	4	95	13	13	34	28	70	53	90	33	53	4	22	65	7	42	93	7	49	40	51	32	99	40	62	41	59	51	79	41	99	33	81	87	63	85	73	19	96	74	5	96	61	23	1	40	67	61	25	64	63	62	71	40	33	78	66	45	40	1	81	49	99	77	86	34	10	66	65	27	44	34	89	97	41	82	64	43	97	57	92	83	50	21	54	79	56	3	87	37	4	14	96	77	50	65	49	73	3	41	38	66	58	27	58	23	4	33	50	73	89	86	12	15	81	27	51	81	8	18	1	80	94	90	57	57	45	66	22	1	27	60	82	72	41	39	20	72	37	47	76	70	77	50	6	30	46	27
23	82	30	70	56	8	81	77	90	17	92	45	6	97	95	46	90	74	91	75	59	78	95	4	63	22	5	58	71	85	23	55	9	47	24	90	74	42	67	6	55	2	7	49	7	3	23	1	4	21	37	10	80	90	74	70	54	19	47	50	57	11	32	65	24	38	88	68	32	44	58	69	14	63	31	24	80	27	95	61	54	33	33	41	45	57	21	27	97	79	37	66	59	98	28	76	25	85	38	59	16	70	67	6	54	56	76	90	58	58	18	32	79	92	92	22	66	36	48	28	58	6	82	61	5	61	48	97	34	12	82	61	2	13	52	23	5	60	88	43	42	76	39	50	55	26	36	16	2	71	71	3	89	74	13	72	3	15	44	30	94	37	62	42	36	53	54	24	6	17	26	10	26	17	84	47	33	93	53	13	33	30	12	86	44	95	51	49	68	40	19	66	98	23	58	15	31	80	74	9
52	16	61	86	92	70	2	39	9	39	59	76	47	2	19	95	66	37	92	53	10	84	52	50	97	74	2	12	10	42	76	77	43	35	15	63	31	85	59	23	45	82	43	57	34	14	60	16	90	45	96	87	64	24	75	81	99	86	79	56	20	78	7	49	94	60	60	94	11	75	34	94	76	53	76	48	94	36	31	60	97	56	11	86	26	45	74	18	51	13	31	23	59	8	18	3	46	45	71	27	14	95	31	93	68	74	63	97	21	4	56	72	39	52	70	8	96	81	59	44	6	28	34	9	71	53	41	5	66	48	72	5	24	28	75	88	22	95	51	22	45	89	48	54	19	73	18	32	64	40	7	43	23	28	50	88	35	49	73	35	85	39	52	49	93	1	56	80	6	60	52	23	89	30	8	4	31	50	82	29	55	63	54	22	91	13	88	68	17	58	69	66	58	50	17	80	14	5	78	11
2	54	97	89	77	24	72	89	42	89	65	58	11	38	6	26	38	69	40	67	28	75	53	37	26	25	44	22	35	94	37	11	19	54	14	46	9	23	11	89	62	4	49	2	7	6	51	49	79	98	4	49	94	50	43	6	28	33	30	15	32	14	98	8	46	56	45	43	9	42	85	33	17	30	67	32	61	22	38	29	66	64	38	23	78	24	42	13	17	2	39	67	97	30	64	53	48	75	37	45	95	98	18	65	88	47	32	1	22	5	94	8	72	17	10	41	46	77	21	12	43	2	30	85	81	98	22	2	18	14	58	56	18	15	27	55	97	66	36	69	22	59	45	37	87	34	48	23	38	32	65	99	46	20	59	62	64	79	91	27	86	64	9	79	64	53	57	65	73	53	52	5	92	19	30	38	16	36	44	61	76	55	80	57	43	29	46	12	50	18	46	52	93	20	56	39	81	56	25	16
25	33	64	60	24	65	28	21	12	76	51	29	24	17	38	66	29	25	13	56	4	8	46	5	32	47	86	2	89	62	48	83	35	52	5	5	45	88	87	33	91	1	81	50	50	68	43	90	10	10	2	62	87	59	66	64	27	52	15	47	27	81	79	59	3	80	65	37	39	61	8	47	22	10	41	48	10	26	73	61	53	3	52	31	21	28	43	2	88	5	91	63	85	61	80	91	1	49	75	19	61	7	9	52	91	89	87	42	23	59	51	14	66	77	95	1	61	99	60	90	16	33	12	37	61	39	94	52	79	77	2	6	30	25	86	6	76	22	4	7	86	40	43	31	79	73	25	2	95	94	41	72	33	69	30	66	39	91	51	83	63	68	63	75	75	93	87	90	23	66	38	44	89	60	34	65	12	96	2	8	58	36	31	73	40	11	8	84	18	62	54	99	56	85	2	3	56	81	53	59

14	49	78	9	72	96	84	93	85	28	64	39	97	17	64	23	79	77	52	93	20	12	47	85	89	76	98	72	41	57	8	63	18	33	11	20	3	58	74	97	63	61	76	59	31	19	24	72	14	66	83	39	48	71	8	31	74	52	3	19	76	47	51	13	72	60	52	66	84	80	64	76	98	66	79	94	80	40	61	63	21	46	30	39	27	13	15	43	93	40	54	54	37	89	92	39	13	15	61	90	8	63	54	59	48	57	65	55	99	66	84	43	89	59	18	4	34	76	61	70	77	19	82	5	10	91	81	20	23	18	42	86	10	68	97	58	64	46	71	61	37	55	60	84	73	57	50	73	51	15	33	49	91	55	8	92	98	51	93	98	55	42	84	44	99	43	65	26	26	28	94	5	30	86	99	90	50	29	53	21	88	17	41	17	35	91	17	34	5	88	59	64	10	44	24	79	11	23	11	12
10	68	32	69	82	90	34	25	44	63	54	95	64	99	45	74	78	61	37	56	33	91	45	57	17	26	89	64	29	80	32	56	31	78	87	11	85	68	10	12	46	68	81	63	21	65	16	60	44	13	83	33	3	53	81	25	80	99	30	77	76	12	99	73	36	43	40	59	98	4	10	51	79	84	38	91	67	57	15	65	50	98	96	30	15	1	67	20	71	70	77	70	90	14	38	5	57	62	31	39	67	23	96	27	91	90	68	92	25	21	77	58	58	91	1	46	77	11	94	76	37	10	95	96	30	8	93	60	35	36	66	41	11	48	32	32	2	23	41	59	20	74	60	43	98	73	15	97	69	93	73	79	11	63	62	35	35	27	70	43	63	59	63	34	58	75	77	32	64	54	53	18	78	91	48	17	20	79	1	88	24	39	43	63	20	71	82	43	5	19	88	99	86	86	37	54	14	37	67	20
42	67	62	98	46	37	53	62	27	48	33	12	73	51	36	16	61	33	89	81	23	7	99	80	12	5	81	52	58	45	63	79	87	62	61	34	75	31	1	91	31	25	70	11	87	73	6	2	66	54	66	11	67	90	13	45	11	77	68	27	30	5	15	47	79	88	1	1	15	5	68	72	37	77	53	63	78	75	87	41	30	36	13	89	29	58	69	75	71	54	43	75	16	69	61	80	24	75	7	63	22	17	44	84	80	26	9	4	32	30	50	56	63	59	51	16	23	75	64	20	98	50	58	49	65	57	44	24	85	94	44	64	62	21	46	68	95	5	71	8	19	11	13	69	14	6	7	78	54	59	72	27	16	82	43	29	53	59	70	37	47	82	31	80	9	22	25	25	77	78	18	43	74	78	97	19	78	36	35	95	86	19	80	69	75	7	40	97	51	5	30	61	64	86	40	44	46	52	61	1
16	95	53	85	86	78	39	92	27	16	94	76	29	62	76	84	47	74	39	16	7	16	46	34	80	78	89	19	29	68	40	63	41	31	47	70	48	49	43	43	54	23	74	92	94	98	3	60	77	76	84	9	60	71	34	8	33	80	2	35	75	36	87	86	69	30	19	13	23	75	80	36	17	1	54	35	49	79	81	38	11	84	45	2	46	16	79	62	9	38	30	90	74	38	66	13	28	26	62	4	38	53	40	19	86	11	34	54	18	1	79	95	32	83	12	87	64	10	30	53	12	20	30	34	55	82	5	47	24	95	35	7	90	17	13	83	9	28	77	46	30	28	98	13	55	70	81	78	13	79	39	58	93	46	43	64	73	67	96	64	27	86	59	49	26	8	26	6	77	68	17	58	24	78	49	19	35	24	78	93	55	68	88	10	62	83	95	38	72	16	23	81	32	38	97	38	89	89	59	3
39	45	19	36	26	76	74	21	77	11	70	37	27	72	16	62	66	62	48	19	5	2	57	73	97	26	66	98	54	46	39	59	76	78	68	9	79	90	37	76	67	13	38	7	74	52	73	93	90	91	26	90	20	11	19	1	58	88	16	72	39	83	8	99	41	18	17	94	7	88	68	97	14	72	87	7	74	6	35	86	88	2	2	82	11	99	15	14	99	72	62	64	16	89	99	28	10	22	51	82	16	29	21	28	83	20	86	59	33	73	90	31	78	22	79	59	70	70	97	38	68	32	16	34	69	93	22	54	72	52	46	9	4	25	62	34	25	49	54	54	41	16	14	83	53	28	74	84	82	45	37	65	15	96	46	99	36	4	29	15	92	70	43	44	2	79	67	19	99	88	18	59	97	55	60	44	30	18	84	59	57	18	92	78	86	45	25	53	5	73	18	54	82	21	22	99	22	34	92	32

13	9	15	6
18	18	7	15
9	19	14	18

J1	0
J2	0
J3	248
J4	168
J5	120
J6	0
J7	197
J8	0
J9	0
J10	0
J11	47
J12	0
J13	32
J14	0
J15	0
J16	0
J17	141
J18	201
J19	125
J20	81
J21	72
J22	0
J23	115
J24	0
J25	132
J26	38
J27	0
J28	0
J29	176
J30	124
J31	15
J32	54
J33	71
J34	0
J35	54
J36	0
J37	0
J38	0
J39	145
J40	214
J41	0
J42	170
J43	0
J44	59
J45	72
J46	44
J47	79
J48	158
J49	0
J50	100
J51	0
J52	0
J53	0
J54	30
J55	0
J56	0
J57	0
J58	67
J59	0
J60	0
J61	68
J62	141
J63	0
J64	0
J65	0
J66	205
J67	0
J68	60
J69	238
J70	185
J71	0
J72	0
J73	0
J74	1
J75	206
J76	0
J77	74
J78	0
J79	0
J80	0
J81	25
J82	0
J83	0
J84	0
J85	0
J86	107
J87	0
J88	137
J89	87
J90	0
J91	78
J92	70
J93	213
J94	144
J95	13
J96	0
J97	96
J98	0
J99	0
J100	172
J101	235
J102	38
J103	108
J104	27
J105	97
J106	0
J107	0
J108	44
J109	0
J110	0
J111	0
J112	0
J113	179
J114	0
J115	0
J116	180
J117	166
J118	0
J119	0
J120	152
J121	0
J122	165
J123	234
J124	0
J125	85
J126	200
J127	174
J128	75
J129	0
J130	131
J131	248
J132	2
J133	98
J134	0
J135	161
J136	0
J137	58
J138	0
J139	17
J140	0
J141	0
J142	104
J143	168
J144	0
J145	0
J146	124
J147	200
J148	0
J149	0
J150	0
J151	0
J152	0
J153	0
J154	0
J155	67
J156	0
J157	91
J158	0
J159	215
J160	0
J161	0
J162	140
J163	0
J164	0
J165	0
J166	81
J167	0
J168	119
J169	0
J170	0
J171	0
J172	0
J173	233
J174	162
J175	246
J176	37
J177	181
J178	0
J179	0
J180	0
J181	222
J182	97
J183	0
J184	0
J185	147
J186	181
J187	0
J188	115
J189	116
J190	0
J191	0
J192	0
J193	32
J194	0
J195	0
J196	111
J197	191
J198	0
J199	135
J200	0

J1	1428
J2	744
J3	1253
J4	710
J5	654
J6	599
J7	786
J8	220
J9	760
J10	1637
J11	423
J12	771
J13	798
J14	1205
J15	1593
J16	381
J17	606
J18	1522
J19	375
J20	719
J21	1561
J22	1408
J23	378
J24	652
J25	481
J26	1236
J27	453
J28	1397
J29	723
J30	797
J31	1819
J32	282
J33	1925
J34	754
J35	1919
J36	1583
J37	790
J38	520
J39	1552
J40	884
J41	452
J42	1810
J43	250
J44	1566
J45	1430
J46	1669
J47	1811
J48	1197
J49	1471
J50	873
J51	859
J52	1344
J53	1396
J54	504
J55	1456
J56	1035
J57	781
J58	371
J59	1402
J60	1482
J61	746
J62	1482
J63	1050
J64	1173
J65	399
J66	523
J67	1311
J68	924
J69	1291
J70	987
J71	473
J72	436
J73	1954
J74	735
J75	669
J76	815
J77	407
J78	1676
J79	431
J80	405
J81	389
J82	1497
J83	1791
J84	1706
J85	1658
J86	2058
J87	679
J88	1752
J89	440
J90	1978
J91	341
J92	624
J93	438
J94	419
J95	480
J96	1566
J97	2051
J98	815
J99	556
J100	1055
J101	2054
J102	611
J103	1350
J104	475
J105	582
J106	687
J107	302
J108	707
J109	1894
J110	1202
J111	494
J112	1772
J113	535
J114	388
J115	1111
J116	1457
J117	462
J118	320
J119	297
J120	1554
J121	834
J122	2119
J123	1337
J124	1941
J125	413
J126	474
J127	733
J128	1212
J129	475
J130	551
J131	603
J132	1082
J133	1741
J134	1571
J135	569
J136	1613
J137	1549
J138	701
J139	632
J140	1377
J141	1795
J142	810
J143	1315
J144	655
J145	383
J146	864
J147	2029
J148	252
J149	747
J150	448
J151	1434
J152	417
J153	1717
J154	465
J155	1962
J156	359
J157	858
J158	1980
J159	888
J160	1784
J161	337
J162	544
J163	326
J164	256
J165	669
J166	1641
J167	325
J168	1615
J169	727
J170	319
J171	1093
J172	1785
J173	544
J174	478
J175	639
J176	1831
J177	1909
J178	639
J179	555
J180	275
J181	483
J182	1500
J183	529
J184	343
J185	501
J186	751
J187	1358
J188	1268
J189	1145
J190	1703
J191	1521
J192	335
J193	725
J194	833
J195	1315
J196	971
J197	2039
J198	469
J199	537
J200	1736
