calib_50j_2f_10o_8s_3m_idx42
50
2
10
8
3
23	85	3	12	3	83	5	36	45	48	56	42	17	67	85	54	23	2	87	28	73	5	31	54	59	35	29	29	12	35	61	97	98	18	7	40	52	83	10	60	84	60	42	59	75	3	70	25	96	2
72	88	8	93	74	92	94	18	13	50	39	40	27	73	70	36	84	23	18	2	9	20	61	93	52	40	52	26	88	19	11	34	25	75	44	49	17	98	48	64	68	52	31	21	94	9	44	15	63	61
52	81	93	80	31	5	78	79	11	31	51	9	43	79	46	42	69	59	2	62	84	19	6	60	20	77	55	41	9	37	95	32	25	70	31	44	10	84	15	82	97	91	70	55	98	93	20	29	82	35
17	47	78	15	42	35	44	6	22	9	79	44	8	4	6	82	14	99	70	95	7	14	93	13	6	20	46	36	99	69	67	81	67	57	95	44	2	84	51	56	3	96	89	24	31	44	13	35	3	20
86	15	75	72	18	94	90	92	61	61	42	13	62	44	35	91	8	85	75	74	70	51	71	33	71	76	29	95	33	72	78	74	12	92	98	18	7	94	10	10	55	50	44	23	38	38	5	57	93	37
28	92	24	47	8	40	76	10	40	66	58	33	54	20	65	82	80	97	23	14	65	92	35	43	72	30	90	46	22	66	32	35	46	39	55	76	27	33	49	18	13	6	45	64	67	70	21	47	3	17
35	94	17	44	71	36	83	6	55	75	9	53	17	47	44	98	22	75	40	97	32	31	10	40	8	2	48	53	9	15	18	96	44	38	29	30	18	92	75	46	47	30	50	54	14	71	60	4	19	28
66	5	17	88	86	87	99	17	37	86	18	23	31	96	4	35	56	22	98	34	66	71	74	4	10	93	76	3	79	74	4	67	64	1	18	21	18	50	7	11	43	67	43	40	84	17	30	53	44	59
27	38	54	42	43	90	65	67	31	3	3	31	30	66	84	85	49	50	57	22	75	95	90	2	23	94	73	28	19	21	2	38	43	39	52	2	25	45	63	83	91	75	25	55	5	90	63	82	60	26
22	7	97	78	89	89	36	6	40	39	47	53	51	16	18	64	31	23	88	20	42	37	65	80	91	63	10	70	97	80	99	30	76	22	21	68	4	14	52	43	18	81	59	75	69	76	13	74	97	86

88	16	34	21	96	93	9	77	49	92	37	82	68	58	2	92	11	51	57	9	30	79	40	53	38	98	55	55	20	92	81	43	12	4	6	54	86	88	60	13	13	17	73	99	27	44	80	27	54	31
26	76	88	32	4	73	44	15	60	19	25	37	65	10	51	33	18	45	84	15	70	39	95	40	26	43	73	30	58	88	92	56	76	7	96	35	85	5	68	91	71	98	46	75	41	72	17	90	60	99
45	32	65	17	69	63	93	74	57	73	81	92	43	38	54	51	78	63	65	97	45	90	7	3	79	71	80	15	73	81	76	70	74	83	68	37	65	27	35	62	95	30	30	72	26	69	49	65	86	1
52	4	19	65	54	45	62	9	24	64	16	65	45	59	52	43	30	61	29	13	47	4	2	60	53	4	27	2	11	40	66	74	89	54	89	58	55	31	97	16	21	28	2	41	49	38	91	88	28	60
88	94	5	63	23	34	55	45	99	69	37	84	48	67	28	84	50	99	32	50	86	34	29	20	73	79	71	84	53	39	20	19	68	78	51	93	98	6	27	60	20	77	27	34	9	82	23	25	77	79
8	18	75	11	42	80	83	98	88	47	58	80	99	2	19	72	6	6	92	7	43	65	97	21	85	62	47	24	55	34	48	33	72	59	51	87	45	94	63	24	98	95	66	28	31	94	63	28	81	95
35	20	89	29	99	43	67	39	88	76	74	90	71	53	54	90	75	15	31	29	34	93	2	15	91	32	71	5	61	29	6	97	96	70	83	1	15	62	77	13	32	20	90	16	23	52	58	51	20	84
12	14	6	33	28	15	3	69	14	58	29	42	74	61	49	63	11	12	19	33	43	69	64	60	65	19	79	85	59	95	42	15	82	73	36	24	47	22	51	47	48	57	91	87	27	94	40	16	42	53

8	16	7
10	18	7

J1	274
J2	275
J3	0
J4	0
J5	13
J6	335
J7	124
J8	0
J9	0
J10	344
J11	0
J12	378
J13	0
J14	403
J15	175
J16	365
J17	0
J18	316
J19	0
J20	0
J21	0
J22	0
J23	0
J24	12
J25	0
J26	28
J27	0
J28	379
J29	116
J30	264
J31	0
J32	271
J33	408
J34	0
J35	0
J36	398
J37	380
J38	0
J39	0
J40	0
J41	0
J42	0
J43	0
J44	0
J45	0
J46	297
J47	88
J48	0
J49	214
J50	142

J1	3812
J2	3822
J3	3034
J4	2340
J5	1606
J6	936
J7	775
J8	2859
J9	3508
J10	1216
J11	2964
J12	1936
J13	1435
J14	1698
J15	3645
J16	902
J17	2102
J18	2109
J19	447
J20	2001
J21	875
J22	870
J23	854
J24	2765
J25	670
J26	639
J27	720
J28	3268
J29	875
J30	739
J31	2465
J32	1310
J33	1633
J34	805
J35	488
J36	3323
J37	3197
J38	1161
J39	1414
J40	2402
J41	977
J42	735
J43	612
J44	748
J45	2855
J46	784
J47	2564
J48	3170
J49	784
J50	1598
