calib_100j_4f_5o_8s_4m_idx19
100
4
5
8
4
10	24	11	22	41	3	24	50	55	95	82	50	2	83	89	40	29	81	10	99	17	71	15	2	17	96	41	79	78	60	30	33	67	8	35	27	53	98	11	59	29	21	45	2	31	86	71	98	54	71	76	73	94	36	8	84	27	13	13	17	30	27	54	22	51	98	29	17	33	82	67	7	97	15	8	38	85	25	31	73	26	44	87	7	91	85	54	16	99	99	96	87	37	77	99	79	90	20	36	55
31	93	98	32	58	43	91	82	21	53	34	28	57	17	58	26	41	85	88	40	3	30	4	88	4	43	47	14	52	68	71	1	55	37	50	97	94	25	33	64	67	12	99	59	43	22	28	11	44	29	32	15	27	3	3	82	13	78	25	63	14	9	24	37	9	52	23	77	99	64	59	92	42	96	41	11	45	58	79	82	16	97	93	8	92	20	50	68	79	43	32	2	4	56	39	15	51	68	77	23
64	50	27	46	28	24	84	27	50	78	72	88	37	39	3	66	44	1	50	30	98	54	44	89	39	37	37	22	36	70	25	2	83	77	43	80	24	29	36	65	37	47	22	70	67	84	16	31	38	43	85	98	54	54	16	29	20	8	42	91	31	6	88	45	59	55	52	35	54	92	49	14	18	83	95	54	85	64	72	63	57	36	29	83	21	73	20	57	27	36	35	5	10	13	75	16	89	84	81	67
73	29	47	17	22	45	45	31	91	43	76	36	27	27	96	98	49	89	5	38	3	42	65	35	80	63	71	67	55	12	56	46	71	93	51	20	46	60	39	54	54	73	48	22	78	52	80	64	16	38	61	86	79	39	22	71	31	73	60	45	2	70	36	73	52	10	5	71	54	41	77	68	53	16	45	14	5	6	89	42	1	30	42	33	4	15	64	5	77	15	64	27	36	78	80	72	25	58	52	23
48	88	60	44	8	64	38	56	84	99	11	69	80	58	2	46	40	4	16	26	23	85	32	84	12	78	31	95	64	39	6	11	99	18	83	2	73	61	59	84	20	92	78	11	35	4	14	67	5	74	99	37	84	47	99	89	57	53	65	35	54	91	44	25	32	55	62	50	48	65	33	79	96	5	7	67	99	83	1	68	16	63	27	22	99	91	3	11	18	19	38	8	64	21	6	9	78	48	87	75

96	90	99	34	10	62	94	45	21	68	71	7	74	80	9	8	56	19	33	77	1	71	61	39	11	4	12	79	30	56	77	81	54	48	61	68	81	43	5	77	61	90	96	35	80	91	36	25	93	26	54	46	94	88	38	91	22	13	12	59	11	59	98	88	26	51	74	20	37	69	98	15	67	10	73	99	85	73	93	39	98	79	52	91	34	27	11	55	71	10	37	52	76	9	86	3	70	85	83	17
17	44	20	97	78	19	2	13	59	13	95	40	13	35	70	20	45	29	25	58	87	90	70	41	79	26	22	25	56	34	19	29	18	99	39	47	99	78	43	42	6	89	97	65	96	26	38	91	6	85	3	23	4	86	49	4	90	97	79	68	76	33	37	49	21	16	83	41	57	59	34	19	82	14	65	9	99	16	84	81	17	42	31	35	62	87	44	28	80	62	60	94	53	77	20	14	91	26	29	66
34	85	73	88	75	71	43	37	34	3	93	56	58	51	42	16	34	99	96	7	79	42	20	8	18	16	75	3	60	39	94	31	36	30	1	98	31	1	49	18	81	62	91	34	44	13	4	92	86	50	28	78	40	98	65	48	21	33	46	38	81	10	22	36	90	50	49	11	31	23	42	81	33	30	90	99	74	48	66	43	24	94	36	51	35	65	9	85	34	40	55	45	53	88	41	94	14	2	15	31
40	33	2	38	31	34	64	15	54	54	57	21	75	4	10	22	4	72	97	15	59	57	65	60	88	97	69	26	75	36	17	67	45	57	96	72	24	37	12	63	80	48	85	92	56	39	83	13	22	70	66	35	21	45	65	63	4	15	94	33	44	67	75	91	26	43	4	92	19	84	17	15	50	18	89	29	50	22	72	13	73	98	50	18	41	42	9	15	53	46	91	43	5	55	21	14	64	18	8	31
27	12	24	13	97	35	82	6	65	57	4	90	6	33	36	96	76	55	21	18	97	38	51	69	31	75	93	73	65	26	61	50	12	43	33	94	96	88	38	14	87	64	16	40	81	16	62	40	77	89	59	7	38	36	72	55	62	49	34	15	1	52	26	84	31	92	27	18	26	94	54	14	19	58	86	55	95	40	64	7	84	4	85	75	91	74	70	87	4	75	40	76	79	88	40	66	69	84	74	27
18	59	92	58	34	29	65	17	66	42	84	60	13	2	92	8	43	18	17	79	71	62	94	57	85	45	2	59	27	81	84	26	41	66	73	11	95	62	75	8	40	83	98	33	43	20	50	14	14	31	49	29	95	81	43	59	82	6	90	43	4	51	64	59	32	22	65	39	50	53	49	56	8	90	30	81	91	63	11	70	92	90	7	56	3	30	63	90	56	12	60	83	94	49	13	89	36	15	72	13
21	12	27	3	67	96	60	31	78	87	85	70	25	98	60	81	59	98	85	33	73	82	24	19	70	2	7	87	2	5	5	67	59	36	39	5	46	20	76	19	59	95	66	39	58	1	24	95	81	92	7	12	9	75	28	1	6	81	10	5	44	21	51	74	74	14	51	57	20	82	11	81	35	56	26	20	71	55	92	79	64	98	73	5	37	57	60	6	39	72	91	17	9	91	46	79	3	27	71	42
28	94	78	78	32	92	39	68	15	94	38	54	54	18	1	87	20	91	13	50	89	10	93	63	93	54	2	6	20	87	74	86	75	64	29	12	95	70	7	16	42	42	26	38	2	47	92	62	83	1	88	75	56	85	16	81	62	41	31	42	8	15	63	71	24	65	63	92	34	47	71	63	32	59	56	52	16	31	42	71	64	24	17	22	44	54	33	99	96	53	63	56	86	82	3	39	31	36	99	43

20	13	11	11
12	8	16	5
11	16	18	20
9	7	6	14

J1	0
J2	213
J3	0
J4	0
J5	0
J6	207
J7	5
J8	17
J9	90
J10	236
J11	0
J12	229
J13	0
J14	153
J15	0
J16	245
J17	118
J18	0
J19	0
J20	180
J21	250
J22	123
J23	47
J24	236
J25	0
J26	0
J27	193
J28	175
J29	305
J30	211
J31	0
J32	77
J33	102
J34	310
J35	0
J36	0
J37	289
J38	0
J39	0
J40	253
J41	233
J42	0
J43	0
J44	163
J45	0
J46	241
J47	233
J48	0
J49	259
J50	0
J51	0
J52	273
J53	0
J54	0
J55	0
J56	277
J57	56
J58	0
J59	272
J60	43
J61	82
J62	162
J63	0
J64	240
J65	0
J66	21
J67	0
J68	0
J69	74
J70	0
J71	112
J72	0
J73	0
J74	0
J75	0
J76	33
J77	268
J78	119
J79	11
J80	0
J81	201
J82	79
J83	70
J84	0
J85	271
J86	0
J87	0
J88	0
J89	279
J90	45
J91	0
J92	304
J93	67
J94	302
J95	176
J96	0
J97	0
J98	0
J99	37
J100	80

J1	1524
J2	781
J3	989
J4	2320
J5	2477
J6	796
J7	357
J8	2214
J9	402
J10	775
J11	386
J12	1008
J13	1392
J14	2405
J15	2275
J16	2026
J17	2567
J18	321
J19	2450
J20	1975
J21	807
J22	684
J23	818
J24	1235
J25	1011
J26	1738
J27	1899
J28	1145
J29	1301
J30	760
J31	1588
J32	2327
J33	457
J34	632
J35	813
J36	692
J37	947
J38	490
J39	2327
J40	2746
J41	1222
J42	362
J43	884
J44	1985
J45	484
J46	2668
J47	1083
J48	434
J49	946
J50	466
J51	432
J52	1380
J53	474
J54	319
J55	2202
J56	657
J57	1901
J58	1791
J59	1370
J60	2078
J61	1978
J62	2114
J63	479
J64	567
J65	2038
J66	533
J67	2422
J68	951
J69	2087
J70	617
J71	788
J72	640
J73	1333
J74	2036
J75	524
J76	676
J77	950
J78	2372
J79	530
J80	573
J81	1686
J82	649
J83	1125
J84	2031
J85	1091
J86	422
J87	2449
J88	1383
J89	790
J90	2080
J91	476
J92	1825
J93	1634
J94	878
J95	1863
J96	1477
J97	667
J98	1424
J99	405
J100	2178
