calib_20j_2f_10o_5s_4m_idx8
20
2
10
5
4
1	17	19	88	1	74	50	17	49	72	34	31	68	42	33	67	85	99	75	60
52	43	84	26	25	76	24	5	36	73	60	42	42	51	84	82	65	2	76	37
12	89	53	99	33	65	11	27	74	33	7	12	26	85	6	77	47	81	65	16
1	95	77	67	40	40	93	94	56	42	48	74	8	95	56	32	61	82	68	53
67	36	78	48	83	49	84	16	91	31	54	36	68	53	9	16	85	48	71	57
97	50	93	40	8	62	58	40	39	57	25	77	89	10	32	28	7	89	63	98
34	11	42	36	52	6	28	55	46	80	9	22	29	15	90	70	78	25	83	18
5	59	52	40	5	28	7	93	26	58	47	50	78	63	1	16	2	55	95	13
43	58	12	18	32	4	39	24	57	76	44	66	25	56	66	13	12	88	37	96
29	57	63	98	15	72	30	14	18	71	67	10	82	41	10	51	23	66	12	39

81	16	4	98	26	19	91	31	3	27	80	61	95	11	30	59	72	56	6	51
38	16	77	76	11	77	15	29	7	43	92	7	78	64	20	36	39	83	30	53
69	42	29	78	37	84	95	83	12	33	87	75	31	52	66	43	30	10	34	84
16	1	76	14	9	13	66	10	47	26	58	94	70	17	96	46	43	35	18	73
89	14	27	75	22	27	4	91	87	72	14	69	92	45	87	10	42	64	78	84

5	14	20	12
17	19	16	20

J1	0
J2	0
J3	246
J4	0
J5	116
J6	0
J7	0
J8	0
J9	337
J10	0
J11	56
J12	28
J13	0
J14	150
J15	0
J16	0
J17	350
J18	0
J19	314
J20	123

J1	2562
J2	1441
J3	1022
J4	468
J5	2404
J6	779
J7	1009
J8	2749
J9	2349
J10	495
J11	1632
J12	871
J13	881
J14	882
J15	2046
J16	2731
J17	1609
J18	556
J19	668
J20	582
