calib_20j_3f_5o_5s_4m_idx32
20
3
5
5
4
61	29	8	97	78	29	31	23	80	51	20	43	78	42	53	25	95	58	67	49
41	64	64	70	38	99	28	4	21	9	69	80	78	17	89	21	26	95	95	60
22	37	33	70	61	77	31	93	22	63	99	38	15	52	5	14	86	49	99	16
99	90	53	89	74	79	18	12	66	64	38	26	63	21	24	34	54	75	34	77
71	23	79	63	70	14	95	16	2	6	83	65	43	40	35	57	83	62	27	2

54	5	37	63	76	83	84	89	54	46	64	90	47	50	83	57	87	13	70	6
29	48	30	16	32	29	76	67	75	16	76	44	10	77	8	56	1	86	33	93
3	62	39	37	24	81	7	7	33	18	98	51	27	48	11	11	38	45	65	40
83	17	24	11	17	73	76	18	38	28	30	8	24	79	12	10	48	67	69	20
51	45	98	50	49	43	4	20	83	10	92	38	33	53	26	96	50	40	82	52

8	8	11	10
17	20	12	11
20	11	19	17

J1	0
J2	0
J3	213
J4	0
J5	144
J6	170
J7	129
J8	148
J9	0
J10	64
J11	0
J12	241
J13	0
J14	0
J15	0
J16	0
J17	102
J18	0
J19	0
J20	0

J1	1437
J2	1638
J3	1043
J4	582
J5	406
J6	453
J7	931
J8	1905
J9	715
J10	1847
J11	459
J12	977
J13	1566
J14	782
J15	1815
J16	1473
J17	535
J18	686
J19	400
J20	1425
