calib_200j_3f_5o_8s_3m_idx10
200
3
5
8
3
69	15	78	63	69	94	80	73	57	66	69	96	90	81	47	19	18	9	65	47	16	18	93	29	56	35	7	44	19	14	58	57	59	66	63	66	26	29	61	1	79	4	63	91	2	9	38	49	87	17	51	31	37	77	17	68	77	12	81	72	23	90	17	2	2	97	54	40	26	35	88	46	35	74	28	18	42	45	24	4	82	90	73	39	22	28	12	13	99	58	27	96	41	19	89	60	56	40	69	97	39	15	43	47	45	4	46	95	25	88	21	55	23	94	1	76	36	52	45	62	65	85	96	6	35	36	90	1	38	45	12	78	30	61	98	71	39	29	27	30	23	46	6	85	5	7	40	74	60	42	79	12	54	3	10	24	94	56	9	71	34	16	66	20	58	52	38	14	64	46	98	31	93	13	32	19	39	92	41	13	44	85	9	17	81	78	22	77	44	26	6	78	36	33	75	79	63	76	25	28
79	55	52	56	55	23	16	81	57	24	2	6	6	4	77	32	84	76	43	82	25	39	78	3	35	86	96	9	92	14	97	25	93	38	8	10	2	1	96	67	68	32	95	59	11	74	13	39	45	63	34	24	49	1	51	42	79	6	87	44	34	62	54	70	55	63	94	33	80	58	87	20	62	94	99	11	65	40	14	65	56	84	98	97	1	87	83	27	69	61	31	7	22	79	24	60	41	74	69	15	62	59	55	26	18	18	63	77	83	26	83	5	68	45	98	89	36	14	54	4	20	99	50	20	85	3	51	61	27	43	86	6	10	28	65	18	1	17	71	72	92	37	67	36	73	11	6	97	95	17	62	53	28	71	9	37	73	46	92	11	13	19	73	22	27	3	35	48	68	17	55	96	11	79	47	95	21	24	19	57	83	5	8	61	14	34	4	72	7	89	53	33	91	8	37	41	12	65	64	16
13	78	39	15	4	55	25	15	40	35	84	66	95	15	79	9	67	98	21	65	22	32	58	62	45	66	5	28	69	67	50	98	77	23	25	43	16	5	50	79	2	55	74	45	34	13	56	64	52	73	14	22	17	57	76	34	96	36	85	81	30	68	57	31	73	19	80	23	25	2	60	32	87	20	44	76	30	25	82	80	71	90	56	87	40	79	82	2	39	7	99	1	67	14	18	97	73	86	89	35	16	63	67	69	34	3	39	47	96	88	40	1	25	15	51	90	80	42	22	63	9	14	81	91	14	78	94	82	84	71	19	28	94	6	98	96	84	39	29	1	54	41	32	71	2	79	34	84	5	33	27	91	94	80	9	7	93	30	24	36	16	27	99	40	38	31	17	73	34	13	83	62	62	66	21	48	65	10	11	37	77	73	43	99	74	73	94	30	34	73	34	33	58	25	25	36	8	76	2	98
21	86	96	39	13	7	74	45	92	53	45	58	28	25	38	97	98	90	55	84	17	88	63	20	92	6	84	79	48	49	92	77	21	59	44	31	7	52	87	87	37	12	95	4	39	79	26	12	12	86	78	25	19	11	19	90	96	67	94	76	33	29	40	67	60	80	11	9	30	85	35	44	30	29	4	28	3	73	82	31	36	32	52	26	10	70	84	74	86	98	5	14	53	2	97	32	50	35	55	25	35	94	21	21	45	47	10	69	78	38	73	31	35	11	48	72	48	17	1	80	60	13	4	46	81	10	37	88	8	18	82	43	11	18	82	95	26	61	21	79	26	92	72	53	17	78	71	80	38	25	33	27	11	72	83	63	8	33	72	33	29	96	42	77	28	76	94	71	54	40	62	68	54	55	29	44	5	94	20	37	91	30	54	66	32	79	55	33	44	81	56	38	93	88	29	22	29	24	39	31
60	60	52	70	92	76	60	29	6	17	70	87	86	41	51	60	75	60	54	51	67	43	26	59	9	51	96	74	70	43	36	12	74	81	3	88	38	27	35	24	32	25	90	38	14	23	83	73	32	15	25	72	36	62	55	25	23	42	39	59	93	37	87	33	82	74	11	91	24	21	92	70	90	22	2	68	82	33	92	82	27	44	18	11	64	81	17	10	78	51	36	14	28	19	50	49	39	2	1	64	5	4	13	20	30	68	12	73	45	3	81	46	14	76	13	55	51	51	62	9	86	52	72	24	49	15	71	59	67	44	41	3	93	53	87	86	42	81	47	78	43	54	91	63	52	42	84	71	30	54	36	56	23	48	35	44	14	15	9	16	48	23	42	14	37	81	37	62	54	25	48	73	35	61	20	74	83	92	18	57	23	71	19	53	44	21	62	54	7	16	98	85	13	61	97	78	87	68	2	52

84	90	64	73	61	48	79	84	24	73	62	35	41	62	85	11	46	86	84	71	50	57	91	90	44	28	85	34	40	26	84	45	16	35	37	89	55	32	76	32	64	16	70	40	12	82	13	49	23	10	25	63	49	20	81	33	50	85	73	36	64	41	58	22	40	98	51	57	23	39	79	76	25	30	24	96	48	20	62	74	6	89	85	67	44	40	21	87	46	88	52	91	7	23	74	39	41	68	35	54	55	36	49	18	65	80	87	31	12	16	71	82	41	91	66	4	45	94	81	84	11	21	10	60	36	30	95	7	90	33	50	22	57	72	33	15	33	67	80	78	66	96	88	93	96	61	77	1	46	96	83	71	73	73	76	7	94	99	55	32	83	80	17	42	48	31	89	54	23	77	6	55	3	36	17	92	48	2	16	78	16	42	40	13	44	75	20	33	13	35	73	1	66	28	85	14	6	16	53	3
46	87	87	35	56	90	93	9	93	88	14	74	37	54	82	29	27	86	12	40	93	61	51	25	81	9	43	27	28	65	41	26	72	53	33	90	25	1	14	83	10	73	81	62	88	45	19	89	33	35	17	40	67	7	86	5	70	55	89	48	79	45	61	33	88	93	63	61	89	33	78	52	68	58	71	61	36	94	33	82	10	75	65	98	3	10	99	48	54	83	72	61	25	60	23	56	22	64	63	52	88	62	64	59	43	20	69	13	28	20	63	47	5	44	44	51	53	97	92	62	67	65	89	4	44	16	80	60	92	7	68	5	37	17	37	37	24	19	63	58	38	40	88	92	59	56	82	19	5	46	90	40	83	36	25	59	52	6	75	84	20	78	71	25	18	64	57	21	19	63	5	79	89	79	39	26	32	2	30	48	69	21	86	39	51	74	12	41	96	9	12	38	2	18	50	28	58	4	27	30
54	8	20	65	5	80	2	18	45	2	22	58	16	26	49	67	85	13	47	80	52	21	5	38	90	16	91	23	30	95	9	66	37	25	16	19	83	12	59	28	5	29	70	70	52	89	85	36	62	43	17	34	51	52	29	82	9	51	13	62	97	55	12	3	15	75	91	81	31	76	74	70	35	66	65	90	83	48	24	82	45	50	74	24	98	87	32	97	36	26	63	74	41	58	88	53	32	85	56	81	44	85	19	16	45	30	88	53	82	69	59	46	20	67	56	17	50	24	67	54	52	35	61	93	50	32	19	39	37	31	59	82	42	25	82	32	41	54	79	98	18	98	72	28	51	59	75	3	7	28	9	52	46	96	73	47	52	12	69	62	30	11	28	93	33	2	83	44	28	27	76	58	43	80	72	97	72	49	88	60	60	79	74	85	60	85	19	33	47	72	52	8	40	77	7	6	11	58	56	59
69	91	67	94	21	22	79	64	94	3	75	73	79	84	61	9	77	94	69	67	48	33	10	47	79	95	91	33	33	33	22	7	74	25	8	13	92	35	16	87	45	59	54	24	29	77	11	80	10	74	78	22	96	4	27	4	71	52	46	44	81	40	40	48	1	99	56	62	36	84	7	19	26	60	26	89	32	89	51	13	83	5	27	68	44	68	79	4	46	8	60	21	15	82	61	67	46	73	63	68	99	27	26	35	5	43	66	76	29	21	20	48	73	48	13	35	47	15	64	16	72	2	84	33	64	30	51	21	13	5	9	97	76	10	29	94	71	44	62	51	20	90	91	51	43	43	35	99	55	10	71	51	52	63	44	86	60	47	51	11	24	20	48	59	96	79	59	5	84	15	86	69	87	6	70	1	77	23	74	27	18	70	65	44	58	6	35	9	88	75	43	91	83	91	22	93	90	81	45	40
99	66	87	53	92	71	51	29	21	4	4	80	37	64	31	71	14	9	77	24	9	74	93	63	55	94	23	91	76	79	91	58	64	30	37	27	72	2	1	45	7	10	10	81	85	7	6	88	54	82	7	69	64	37	35	9	30	63	71	29	60	13	72	68	8	32	92	49	96	70	70	12	33	51	10	3	9	30	32	45	39	9	28	47	69	29	29	58	38	42	25	79	72	2	76	90	57	54	40	30	23	94	99	2	70	62	80	71	47	32	33	92	81	69	14	13	62	31	22	43	98	47	63	49	9	8	92	54	48	44	2	16	69	44	10	90	84	68	80	5	23	92	5	42	50	91	18	68	52	40	56	16	33	64	12	15	22	73	56	89	42	13	58	34	37	68	56	52	88	85	24	43	91	49	26	47	19	81	1	63	81	78	50	63	32	98	27	65	83	57	5	56	49	20	24	38	95	34	3	87
72	74	92	11	20	58	40	39	15	91	75	59	65	41	92	38	92	51	2	69	27	40	77	30	15	67	95	6	98	29	39	32	87	1	64	59	14	30	22	69	53	88	56	57	76	49	80	19	12	59	41	5	9	60	29	76	92	16	65	73	87	17	56	86	20	44	18	67	21	59	63	90	65	94	87	15	65	15	92	4	99	14	83	66	23	60	59	87	18	7	54	9	48	66	76	52	68	8	74	30	11	71	19	72	22	35	66	59	24	56	26	50	45	28	84	91	64	21	67	37	17	56	9	14	67	16	3	98	43	86	79	73	79	69	49	59	80	10	46	49	93	27	88	42	81	47	11	71	39	88	46	38	49	49	23	24	18	28	39	79	5	98	36	70	43	39	28	9	20	80	5	66	29	7	54	69	93	21	34	11	89	68	83	45	91	95	80	73	4	34	89	74	93	1	67	61	58	93	94	93
7	51	75	48	70	74	27	1	71	84	97	87	82	43	7	36	94	59	97	66	23	14	70	89	73	6	61	7	36	24	84	49	43	38	94	42	15	50	24	65	42	93	67	55	4	28	66	64	58	65	72	20	81	14	21	76	13	77	52	76	8	35	11	81	5	27	4	55	44	23	28	85	78	33	46	31	23	9	96	58	75	84	90	36	45	88	15	19	97	23	5	71	38	80	79	31	38	69	63	87	28	61	85	4	45	79	77	65	94	78	96	28	40	49	10	90	69	12	68	98	27	35	47	10	67	93	82	87	58	81	9	46	38	28	21	96	54	14	51	96	74	31	82	29	70	22	28	48	23	60	45	71	73	28	85	55	37	10	50	82	18	73	77	98	68	40	80	1	86	24	68	99	56	62	83	90	55	5	57	29	67	59	99	80	81	33	81	9	54	89	46	20	49	46	69	4	24	64	5	89
80	96	88	82	44	38	96	44	96	78	53	85	62	30	34	46	69	12	73	48	10	68	5	31	19	22	25	63	88	68	56	31	74	8	38	45	29	65	30	25	40	46	97	86	8	67	84	97	32	18	27	12	85	25	33	8	80	94	8	70	6	39	81	86	51	40	12	96	59	97	3	42	94	23	9	64	40	69	50	20	5	4	89	10	31	30	99	31	98	98	77	57	65	24	29	99	37	75	48	31	35	92	76	80	14	89	91	90	31	28	69	61	86	37	96	70	29	26	71	4	44	81	83	85	50	83	27	21	50	94	86	80	39	21	88	4	56	94	23	90	42	26	56	69	3	69	77	89	97	81	65	3	98	80	42	22	85	63	23	89	79	66	41	67	81	16	55	28	33	22	64	43	88	13	53	7	71	31	83	33	40	37	71	99	35	36	48	87	65	59	97	97	7	25	34	33	50	99	69	38

14	8	11
11	18	11
5	20	16

J1	155
J2	216
J3	0
J4	231
J5	230
J6	148
J7	0
J8	208
J9	0
J10	295
J11	0
J12	67
J13	0
J14	0
J15	146
J16	228
J17	44
J18	0
J19	0
J20	0
J21	36
J22	0
J23	231
J24	25
J25	320
J26	0
J27	0
J28	0
J29	37
J30	0
J31	0
J32	0
J33	0
J34	80
J35	258
J36	0
J37	179
J38	217
J39	0
J40	0
J41	53
J42	223
J43	273
J44	0
J45	251
J46	0
J47	0
J48	298
J49	178
J50	0
J51	315
J52	110
J53	268
J54	203
J55	0
J56	206
J57	292
J58	0
J59	25
J60	240
J61	251
J62	0
J63	0
J64	52
J65	8
J66	32
J67	0
J68	105
J69	0
J70	137
J71	38
J72	4
J73	0
J74	135
J75	0
J76	0
J77	0
J78	199
J79	0
J80	56
J81	117
J82	0
J83	0
J84	83
J85	0
J86	264
J87	0
J88	212
J89	0
J90	198
J91	0
J92	245
J93	35
J94	0
J95	79
J96	243
J97	0
J98	0
J99	309
J100	0
J101	0
J102	0
J103	0
J104	0
J105	162
J106	219
J107	0
J108	102
J109	0
J110	33
J111	0
J112	0
J113	0
J114	0
J115	102
J116	0
J117	212
J118	0
J119	99
J120	0
J121	0
J122	72
J123	0
J124	13
J125	183
J126	0
J127	15
J128	0
J129	0
J130	0
J131	0
J132	250
J133	69
J134	289
J135	183
J136	0
J137	0
J138	98
J139	244
J140	0
J141	86
J142	0
J143	0
J144	0
J145	0
J146	0
J147	18
J148	106
J149	91
J150	193
J151	320
J152	0
J153	0
J154	0
J155	0
J156	193
J157	0
J158	0
J159	35
J160	0
J161	0
J162	192
J163	0
J164	0
J165	11
J166	164
J167	0
J168	0
J169	209
J170	0
J171	0
J172	94
J173	53
J174	0
J175	20
J176	53
J177	157
J178	0
J179	0
J180	295
J181	0
J182	0
J183	193
J184	10
J185	0
J186	191
J187	0
J188	244
J189	0
J190	273
J191	319
J192	0
J193	310
J194	0
J195	0
J196	90
J197	5
J198	0
J199	259
J200	0

J1	489
J2	807
J3	688
J4	573
J5	1859
J6	726
J7	335
J8	1569
J9	334
J10	1358
J11	967
J12	554
J13	387
J14	2163
J15	483
J16	2792
J17	1006
J18	510
J19	328
J20	367
J21	1529
J22	2271
J23	702
J24	2028
J25	1947
J26	2445
J27	548
J28	1894
J29	387
J30	1033
J31	522
J32	2012
J33	385
J34	2266
J35	2675
J36	926
J37	1922
J38	1511
J39	2519
J40	598
J41	2347
J42	2744
J43	928
J44	510
J45	2339
J46	1019
J47	2389
J48	833
J49	1530
J50	735
J51	2513
J52	2100
J53	1900
J54	2353
J55	1845
J56	2250
J57	1025
J58	1100
J59	370
J60	578
J61	1041
J62	1489
J63	1553
J64	732
J65	2178
J66	588
J67	1299
J68	444
J69	1590
J70	1147
J71	646
J72	1164
J73	322
J74	1091
J75	2252
J76	544
J77	1779
J78	2202
J79	486
J80	1104
J81	1033
J82	761
J83	348
J84	899
J85	2397
J86	829
J87	444
J88	2654
J89	410
J90	786
J91	536
J92	2067
J93	2016
J94	1441
J95	399
J96	670
J97	2049
J98	481
J99	1091
J100	1088
J101	1561
J102	468
J103	1300
J104	1612
J105	2531
J106	2504
J107	564
J108	484
J109	980
J110	2613
J111	433
J112	1627
J113	2505
J114	931
J115	2659
J116	587
J117	1088
J118	2112
J119	873
J120	1843
J121	895
J122	1443
J123	562
J124	2596
J125	919
J126	2084
J127	512
J128	957
J129	867
J130	786
J131	853
J132	2793
J133	1164
J134	2577
J135	991
J136	457
J137	684
J138	2406
J139	938
J140	451
J141	773
J142	546
J143	345
J144	320
J145	2580
J146	998
J147	762
J148	610
J149	2512
J150	1637
J151	1084
J152	2413
J153	294
J154	710
J155	1331
J156	1637
J157	317
J158	2444
J159	1074
J160	678
J161	2360
J162	870
J163	333
J164	945
J165	1119
J166	2365
J167	689
J168	1660
J169	1030
J170	2170
J171	1081
J172	736
J173	593
J174	659
J175	1748
J176	519
J177	1466
J178	2139
J179	2535
J180	2380
J181	312
J182	433
J183	644
J184	362
J185	698
J186	762
J187	1580
J188	1629
J189	1512
J190	576
J191	1140
J192	963
J193	1347
J194	2471
J195	667
J196	1657
J197	1788
J198	612
J199	2489
J200	993
